"arc_length","u","v","p"
0,0,0,-63.8784
0.001,-0.000675382,0.00165062,-62.504
0.002,-0.00135076,0.00330124,-61.1295
0.003,-0.00202614,0.00495185,-59.7551
0.004,-0.00270153,0.00660247,-58.3807
0.005,-0.00337691,0.00825309,-57.0063
0.006,-0.00405229,0.00990371,-55.6318
0.007,-0.00472767,0.0115543,-54.2574
0.008,-0.0053985,0.0131952,-52.8919
0.009,-0.00604961,0.014794,-51.5652
0.01,-0.00670072,0.0163928,-50.2384
0.011,-0.00735184,0.0179915,-48.9117
0.012,-0.00800295,0.0195903,-47.5849
0.013,-0.00865406,0.0211891,-46.2582
0.014,-0.00930517,0.0227878,-44.9314
0.015,-0.00995628,0.0243866,-43.6047
0.016,-0.0105989,0.025965,-42.4806
0.017,-0.0112275,0.0275095,-41.6944
0.018,-0.011856,0.0290539,-40.9081
0.019,-0.0124845,0.0305983,-40.1219
0.02,-0.013113,0.0321428,-39.3356
0.021,-0.0137415,0.0336872,-38.5494
0.022,-0.0143701,0.0352317,-37.7632
0.023,-0.0149986,0.0367761,-36.9769
0.024,-0.0156153,0.0382887,-36.323
0.025,-0.0162228,0.0397766,-35.7719
0.026,-0.0168303,0.0412644,-35.2209
0.027,-0.0174379,0.0427523,-34.6699
0.028,-0.0180454,0.0442401,-34.1188
0.029,-0.0186529,0.045728,-33.5678
0.03,-0.0192604,0.0472159,-33.0167
0.031,-0.019868,0.0487037,-32.4657
0.032,-0.0204609,0.0501476,-32.0099
0.033,-0.0210489,0.0515768,-31.5859
0.034,-0.0216369,0.0530061,-31.1619
0.035,-0.0222249,0.0544353,-30.738
0.036,-0.0228129,0.0558645,-30.314
0.037,-0.0234009,0.0572938,-29.89
0.038,-0.023989,0.058723,-29.466
0.039,-0.024577,0.0601522,-29.042
0.04,-0.025148,0.0615248,-28.6933
0.041,-0.0257179,0.0628936,-28.3496
0.042,-0.0262879,0.0642624,-28.0059
0.043,-0.0268578,0.0656312,-27.6622
0.044,-0.0274277,0.067,-27.3185
0.045,-0.0279976,0.0683689,-26.9748
0.046,-0.0285676,0.0697377,-26.6311
0.047,-0.0291354,0.0710987,-26.2942
0.048,-0.0296885,0.0724055,-26.0057
0.049,-0.0302417,0.0737123,-25.7171
0.05,-0.0307949,0.0750191,-25.4285
0.051,-0.031348,0.0763259,-25.1399
0.052,-0.0319012,0.0776327,-24.8514
0.053,-0.0324543,0.0789395,-24.5628
0.054,-0.0330075,0.0802464,-24.2742
0.055,-0.0335558,0.0815334,-23.9982
0.056,-0.0340934,0.0827768,-23.7498
0.057,-0.0346311,0.0840203,-23.5014
0.058,-0.0351687,0.0852637,-23.253
0.059,-0.0357063,0.0865072,-23.0046
0.06,-0.036244,0.0877506,-22.7562
0.061,-0.0367816,0.088994,-22.5078
0.062,-0.0373193,0.0902375,-22.2594
0.063,-0.0378497,0.0914487,-22.0263
0.064,-0.038373,0.0926277,-21.8085
0.065,-0.0388963,0.0938066,-21.5907
0.066,-0.0394196,0.0949856,-21.3729
0.067,-0.0399429,0.0961645,-21.1551
0.068,-0.0404662,0.0973435,-20.9373
0.069,-0.0409895,0.0985224,-20.7195
0.07,-0.0415128,0.0997014,-20.5017
0.071,-0.042027,0.100835,-20.3005
0.072,-0.0425371,0.101949,-20.1069
0.073,-0.0430471,0.103062,-19.9132
0.074,-0.0435572,0.104176,-19.7195
0.075,-0.0440673,0.10529,-19.5259
0.076,-0.0445773,0.106403,-19.3322
0.077,-0.0450874,0.107517,-19.1385
0.078,-0.0455975,0.10863,-18.9448
0.079,-0.0460969,0.109686,-18.7683
0.08,-0.0465947,0.110733,-18.5942
0.081,-0.0470926,0.111781,-18.42
0.082,-0.0475905,0.112828,-18.2459
0.083,-0.0480884,0.113876,-18.0718
0.084,-0.0485862,0.114923,-17.8977
0.085,-0.0490841,0.11597,-17.7236
0.086,-0.0495813,0.117014,-17.5504
0.087,-0.0500679,0.117994,-17.3925
0.088,-0.0505546,0.118975,-17.2346
0.089,-0.0510412,0.119956,-17.0766
0.09,-0.0515279,0.120937,-16.9187
0.091,-0.0520146,0.121918,-16.7608
0.092,-0.0525012,0.122898,-16.6029
0.093,-0.0529879,0.123879,-16.4449
0.094,-0.053472,0.124843,-16.2904
0.095,-0.0539483,0.125757,-16.1462
0.096,-0.0544247,0.126671,-16.0019
0.097,-0.054901,0.127585,-15.8576
0.098,-0.0553774,0.128499,-15.7134
0.099,-0.0558538,0.129413,-15.5691
0.1,-0.0563301,0.130326,-15.4248
0.101,-0.0568065,0.13124,-15.2806
0.102,-0.0572787,0.132125,-15.1415
0.103,-0.0577456,0.132972,-15.0089
0.104,-0.0582125,0.133819,-14.8764
0.105,-0.0586795,0.134665,-14.7438
0.106,-0.0591464,0.135512,-14.6113
0.107,-0.0596133,0.136359,-14.4788
0.108,-0.0600802,0.137206,-14.3462
0.109,-0.0605471,0.138053,-14.2137
0.11,-0.0610087,0.138858,-14.0875
0.111,-0.061467,0.139637,-13.9652
0.112,-0.0619252,0.140417,-13.8428
0.113,-0.0623835,0.141197,-13.7205
0.114,-0.0628418,0.141977,-13.5981
0.115,-0.0633001,0.142757,-13.4758
0.116,-0.0637584,0.143537,-13.3535
0.117,-0.0642167,0.144316,-13.2311
0.118,-0.0646686,0.145042,-13.116
0.119,-0.065119,0.145755,-13.0027
0.12,-0.0655694,0.146468,-12.8893
0.121,-0.0660198,0.147181,-12.7759
0.122,-0.0664702,0.147894,-12.6625
0.123,-0.0669206,0.148607,-12.5491
0.124,-0.067371,0.14932,-12.4358
0.125,-0.0678214,0.150034,-12.3224
0.126,-0.0682647,0.15068,-12.217
0.127,-0.0687079,0.151327,-12.1115
0.128,-0.0691511,0.151974,-12.0061
0.129,-0.0695944,0.152621,-11.9007
0.13,-0.0700376,0.153267,-11.7953
0.131,-0.0704808,0.153914,-11.6899
0.132,-0.0709241,0.154561,-11.5845
0.133,-0.0713661,0.155195,-11.4804
0.134,-0.0718028,0.155776,-11.3821
0.135,-0.0722395,0.156357,-11.2838
0.136,-0.0726762,0.156938,-11.1855
0.137,-0.073113,0.157519,-11.0873
0.138,-0.0735497,0.1581,-10.989
0.139,-0.0739864,0.158681,-10.8907
0.14,-0.0744231,0.159262,-10.7924
0.141,-0.0748576,0.159818,-10.6966
0.142,-0.0752884,0.160334,-10.6048
0.143,-0.0757192,0.16085,-10.5129
0.144,-0.07615,0.161366,-10.4211
0.145,-0.0765808,0.161882,-10.3293
0.146,-0.0770117,0.162398,-10.2375
0.147,-0.0774425,0.162914,-10.1456
0.148,-0.0778733,0.163429,-10.0538
0.149,-0.0783011,0.163909,-9.96529
0.15,-0.0787265,0.164361,-9.87934
0.151,-0.079152,0.164812,-9.79339
0.152,-0.0795775,0.165264,-9.70743
0.153,-0.0800029,0.165716,-9.62148
0.154,-0.0804284,0.166167,-9.53552
0.155,-0.0808539,0.166619,-9.44957
0.156,-0.0812793,0.16707,-9.36362
0.157,-0.0817012,0.167475,-9.28169
0.158,-0.0821218,0.167863,-9.20111
0.159,-0.0825425,0.168251,-9.12053
0.16,-0.0829631,0.168639,-9.03995
0.161,-0.0833838,0.169028,-8.95937
0.162,-0.0838044,0.169416,-8.87879
0.163,-0.0842251,0.169804,-8.79821
0.164,-0.0846457,0.170193,-8.71762
0.165,-0.0850623,0.170523,-8.64168
0.166,-0.0854786,0.170849,-8.56604
0.167,-0.0858949,0.171175,-8.4904
0.168,-0.0863112,0.171501,-8.41477
0.169,-0.0867275,0.171827,-8.33913
0.17,-0.0871439,0.172153,-8.26349
0.171,-0.0875602,0.172479,-8.18785
0.172,-0.087976,0.172798,-8.11279
0.173,-0.0883884,0.173063,-8.04172
0.174,-0.0888008,0.173328,-7.97065
0.175,-0.0892132,0.173593,-7.89959
0.176,-0.0896257,0.173858,-7.82852
0.177,-0.0900381,0.174123,-7.75745
0.178,-0.0904505,0.174388,-7.68639
0.179,-0.0908629,0.174653,-7.61532
0.18,-0.0912742,0.1749,-7.54558
0.181,-0.0916831,0.175105,-7.47876
0.182,-0.0920921,0.17531,-7.41193
0.183,-0.092501,0.175515,-7.34511
0.184,-0.0929099,0.175721,-7.27829
0.185,-0.0933188,0.175926,-7.21146
0.186,-0.0937278,0.176131,-7.14464
0.187,-0.0941367,0.176337,-7.07782
0.188,-0.094544,0.176513,-7.01297
0.189,-0.0949498,0.17666,-6.9501
0.19,-0.0953556,0.176806,-6.88723
0.191,-0.0957614,0.176953,-6.82436
0.192,-0.0961672,0.1771,-6.7615
0.193,-0.096573,0.177247,-6.69863
0.194,-0.0969788,0.177394,-6.63576
0.195,-0.0973846,0.177541,-6.57289
0.196,-0.0977885,0.177649,-6.51256
0.197,-0.0981915,0.177739,-6.45339
0.198,-0.0985945,0.177828,-6.39421
0.199,-0.0989975,0.177918,-6.33504
0.2,-0.0994005,0.178008,-6.27587
0.201,-0.0998034,0.178098,-6.21669
0.202,-0.100206,0.178188,-6.15752
0.203,-0.100609,0.178278,-6.09835
0.204,-0.10101,0.178319,-6.04221
0.205,-0.101411,0.178354,-5.9865
0.206,-0.101811,0.178388,-5.93079
0.207,-0.102212,0.178423,-5.87508
0.208,-0.102612,0.178457,-5.81937
0.209,-0.103013,0.178492,-5.76367
0.21,-0.103413,0.178526,-5.70796
0.211,-0.103813,0.178557,-5.65245
0.212,-0.104212,0.178538,-5.6
0.213,-0.10461,0.178518,-5.54755
0.214,-0.105008,0.178499,-5.4951
0.215,-0.105406,0.178479,-5.44264
0.216,-0.105805,0.17846,-5.39019
0.217,-0.106203,0.17844,-5.33774
0.218,-0.106601,0.178421,-5.28529
0.219,-0.106999,0.178388,-5.2336
0.22,-0.107395,0.178316,-5.18421
0.221,-0.107791,0.178245,-5.13483
0.222,-0.108187,0.178173,-5.08544
0.223,-0.108584,0.178101,-5.03606
0.224,-0.10898,0.178029,-4.98667
0.225,-0.109376,0.177957,-4.93728
0.226,-0.109772,0.177886,-4.8879
0.227,-0.110168,0.177792,-4.83978
0.228,-0.110562,0.177669,-4.79328
0.229,-0.110956,0.177547,-4.74679
0.23,-0.111351,0.177424,-4.70029
0.231,-0.111745,0.177302,-4.6538
0.232,-0.112139,0.177179,-4.60731
0.233,-0.112533,0.177057,-4.56081
0.234,-0.112928,0.176934,-4.51432
0.235,-0.113321,0.176781,-4.46953
0.236,-0.113714,0.17661,-4.42577
0.237,-0.114106,0.176438,-4.38201
0.238,-0.114499,0.176267,-4.33825
0.239,-0.114892,0.176096,-4.29449
0.24,-0.115284,0.175924,-4.25073
0.241,-0.115677,0.175753,-4.20697
0.242,-0.116069,0.175581,-4.16321
0.243,-0.116461,0.175371,-4.12155
0.244,-0.116852,0.175153,-4.08038
0.245,-0.117243,0.174934,-4.0392
0.246,-0.117634,0.174715,-3.99803
0.247,-0.118025,0.174496,-3.95685
0.248,-0.118416,0.174277,-3.91568
0.249,-0.118807,0.174059,-3.87451
0.25,-0.119198,0.17384,-3.83333
0.251,-0.119587,0.173576,-3.79461
0.252,-0.119977,0.173311,-3.75588
0.253,-0.120366,0.173047,-3.71715
0.254,-0.120756,0.172783,-3.67843
0.255,-0.121145,0.172518,-3.6397
0.256,-0.121535,0.172254,-3.60098
0.257,-0.121924,0.17199,-3.56225
0.258,-0.122314,0.171717,-3.52396
0.259,-0.122702,0.171409,-3.48756
0.26,-0.12309,0.171101,-3.45115
0.261,-0.123478,0.170793,-3.41475
0.262,-0.123866,0.170484,-3.37835
0.263,-0.124254,0.170176,-3.34194
0.264,-0.124642,0.169868,-3.30554
0.265,-0.12503,0.16956,-3.26913
0.266,-0.125417,0.169236,-3.23356
0.267,-0.125803,0.168886,-3.19935
0.268,-0.12619,0.168535,-3.16515
0.269,-0.126576,0.168185,-3.13095
0.27,-0.126963,0.167835,-3.09674
0.271,-0.127349,0.167484,-3.06254
0.272,-0.127736,0.167134,-3.02834
0.273,-0.128123,0.166784,-2.99414
0.274,-0.128508,0.166411,-2.96111
0.275,-0.128893,0.16602,-2.929
0.276,-0.129278,0.165629,-2.89688
0.277,-0.129663,0.165239,-2.86477
0.278,-0.130048,0.164848,-2.83266
0.279,-0.130433,0.164457,-2.80054
0.28,-0.130818,0.164067,-2.76843
0.281,-0.131203,0.163676,-2.73632
0.282,-0.131587,0.163256,-2.70569
0.283,-0.13197,0.162827,-2.67556
0.284,-0.132354,0.162398,-2.64543
0.285,-0.132737,0.161968,-2.6153
0.286,-0.13312,0.161539,-2.58516
0.287,-0.133504,0.16111,-2.55503
0.288,-0.133887,0.16068,-2.5249
0.289,-0.134271,0.160251,-2.49477
0.29,-0.134652,0.159787,-2.4664
0.291,-0.135034,0.159321,-2.43815
0.292,-0.135416,0.158855,-2.4099
0.293,-0.135797,0.158388,-2.38165
0.294,-0.136179,0.157922,-2.3534
0.295,-0.136561,0.157456,-2.32515
0.296,-0.136942,0.156989,-2.2969
0.297,-0.137324,0.156519,-2.26888
0.298,-0.137704,0.156017,-2.24241
0.299,-0.138084,0.155516,-2.21595
0.3,-0.138463,0.155014,-2.18948
0.301,-0.138843,0.154513,-2.16302
0.302,-0.139223,0.154011,-2.13656
0.303,-0.139603,0.15351,-2.11009
0.304,-0.139983,0.153008,-2.08363
0.305,-0.140362,0.152496,-2.05769
0.306,-0.14074,0.151961,-2.03292
0.307,-0.141117,0.151426,-2.00815
0.308,-0.141495,0.150891,-1.98337
0.309,-0.141873,0.150356,-1.9586
0.31,-0.142251,0.149821,-1.93383
0.311,-0.142628,0.149286,-1.90906
0.312,-0.143006,0.148751,-1.88429
0.313,-0.143383,0.1482,-1.86032
0.314,-0.143758,0.147633,-1.83715
0.315,-0.144134,0.147066,-1.81398
0.316,-0.144509,0.146499,-1.79082
0.317,-0.144885,0.145932,-1.76765
0.318,-0.14526,0.145365,-1.74448
0.319,-0.145636,0.144798,-1.72132
0.32,-0.146011,0.144231,-1.69815
0.321,-0.146385,0.143643,-1.67603
0.322,-0.146758,0.143046,-1.65438
0.323,-0.147131,0.142449,-1.63273
0.324,-0.147504,0.141851,-1.61109
0.325,-0.147877,0.141254,-1.58944
0.326,-0.14825,0.140657,-1.56779
0.327,-0.148623,0.14006,-1.54615
0.328,-0.148995,0.139462,-1.5245
0.329,-0.149366,0.13884,-1.50411
0.33,-0.149736,0.138214,-1.4839
0.331,-0.150106,0.137588,-1.46369
0.332,-0.150476,0.136963,-1.44348
0.333,-0.150846,0.136337,-1.42327
0.334,-0.151216,0.135711,-1.40307
0.335,-0.151586,0.135085,-1.38286
0.336,-0.151956,0.134457,-1.36273
0.337,-0.152323,0.133804,-1.34388
0.338,-0.15269,0.133152,-1.32503
0.339,-0.153057,0.132499,-1.30618
0.34,-0.153424,0.131846,-1.28733
0.341,-0.15379,0.131193,-1.26848
0.342,-0.154157,0.13054,-1.24963
0.343,-0.154524,0.129887,-1.23078
0.344,-0.15489,0.129228,-1.21225
0.345,-0.155253,0.128549,-1.19469
0.346,-0.155616,0.127871,-1.17712
0.347,-0.15598,0.127192,-1.15955
0.348,-0.156343,0.126514,-1.14198
0.349,-0.156706,0.125836,-1.12442
0.35,-0.157069,0.125157,-1.10685
0.351,-0.157432,0.124479,-1.08928
0.352,-0.157794,0.12379,-1.07224
0.353,-0.158153,0.123087,-1.05588
0.354,-0.158512,0.122385,-1.03952
0.355,-0.158871,0.121683,-1.02316
0.356,-0.15923,0.12098,-1.0068
0.357,-0.15959,0.120278,-0.990441
0.358,-0.159949,0.119575,-0.974081
0.359,-0.160308,0.118873,-0.957721
0.36,-0.160664,0.118157,-0.94207
0.361,-0.161019,0.117432,-0.926845
0.362,-0.161373,0.116707,-0.91162
0.363,-0.161728,0.115982,-0.896395
0.364,-0.162082,0.115257,-0.88117
0.365,-0.162437,0.114532,-0.865945
0.366,-0.162791,0.113807,-0.85072
0.367,-0.163146,0.113082,-0.835495
0.368,-0.163496,0.11234,-0.821135
0.369,-0.163846,0.111594,-0.806974
0.37,-0.164195,0.110849,-0.792813
0.371,-0.164545,0.110103,-0.778652
0.372,-0.164894,0.109357,-0.764491
0.373,-0.165244,0.108611,-0.75033
0.374,-0.165593,0.107865,-0.736169
0.375,-0.165943,0.107119,-0.722009
0.376,-0.166286,0.106354,-0.708843
0.377,-0.16663,0.105588,-0.695676
0.378,-0.166974,0.104823,-0.68251
0.379,-0.167317,0.104057,-0.669344
0.38,-0.167661,0.103292,-0.656178
0.381,-0.168005,0.102526,-0.643012
0.382,-0.168348,0.101761,-0.629846
0.383,-0.168691,0.100992,-0.616854
0.384,-0.169028,0.100208,-0.604614
0.385,-0.169366,0.0994243,-0.592375
0.386,-0.169703,0.0986406,-0.580136
0.387,-0.17004,0.097857,-0.567897
0.388,-0.170378,0.0970733,-0.555657
0.389,-0.170715,0.0962896,-0.543418
0.39,-0.171052,0.0955059,-0.531179
0.391,-0.171387,0.0947159,-0.519262
0.392,-0.171717,0.0939154,-0.507883
0.393,-0.172048,0.0931149,-0.496504
0.394,-0.172378,0.0923144,-0.485125
0.395,-0.172708,0.0915139,-0.473746
0.396,-0.173038,0.0907134,-0.462367
0.397,-0.173369,0.0899129,-0.450987
0.398,-0.173699,0.0891124,-0.439609
0.399,-0.174025,0.0883032,-0.428677
0.4,-0.174347,0.0874872,-0.418092
0.401,-0.17467,0.0866712,-0.407507
0.402,-0.174992,0.0858552,-0.396923
0.403,-0.175315,0.0850393,-0.386338
0.404,-0.175637,0.0842233,-0.375754
0.405,-0.175959,0.0834073,-0.365169
0.406,-0.176282,0.0825913,-0.354585
0.407,-0.176598,0.0817647,-0.344548
0.408,-0.176912,0.0809346,-0.334693
0.409,-0.177225,0.0801044,-0.324839
0.41,-0.177539,0.0792743,-0.314984
0.411,-0.177853,0.0784441,-0.30513
0.412,-0.178167,0.0776139,-0.295275
0.413,-0.178481,0.0767838,-0.285421
0.414,-0.178794,0.0759536,-0.275566
0.415,-0.179099,0.0751114,-0.266336
0.416,-0.179404,0.0742684,-0.257148
0.417,-0.179708,0.0734253,-0.24796
0.418,-0.180012,0.0725823,-0.238772
0.419,-0.180316,0.0717393,-0.229584
0.42,-0.180621,0.0708962,-0.220396
0.421,-0.180925,0.0700532,-0.211207
0.422,-0.181228,0.0692087,-0.202095
0.423,-0.181522,0.068354,-0.19351
0.424,-0.181816,0.0674994,-0.184925
0.425,-0.182109,0.0666447,-0.17634
0.426,-0.182403,0.06579,-0.167755
0.427,-0.182697,0.0649354,-0.159171
0.428,-0.182991,0.0640807,-0.150586
0.429,-0.183285,0.0632261,-0.142001
0.43,-0.183575,0.0623681,-0.133586
0.431,-0.183857,0.0615031,-0.125542
0.432,-0.18414,0.060638,-0.117498
0.433,-0.184422,0.059773,-0.109455
0.434,-0.184704,0.0589079,-0.101412
0.435,-0.184987,0.0580429,-0.0933679
0.436,-0.185269,0.0571778,-0.0853245
0.437,-0.185552,0.0563128,-0.0772808
0.438,-0.185828,0.0554431,-0.0694772
0.439,-0.186098,0.0545689,-0.0619132
0.44,-0.186367,0.0536946,-0.0543494
0.441,-0.186637,0.0528204,-0.0467854
0.442,-0.186907,0.0519462,-0.0392216
0.443,-0.187177,0.0510719,-0.0316578
0.444,-0.187447,0.0501977,-0.0240938
0.445,-0.187717,0.0493235,-0.01653
0.446,-0.187977,0.0484437,-0.00925376
0.447,-0.188233,0.0475615,-0.00210854
0.448,-0.18849,0.0466793,0.00503689
0.449,-0.188746,0.0457971,0.0121821
0.45,-0.189002,0.0449149,0.0193273
0.451,-0.189258,0.0440326,0.0264728
0.452,-0.189514,0.0431504,0.033618
0.453,-0.189771,0.0422682,0.0407634
0.454,-0.190014,0.04138,0.0475954
0.455,-0.190255,0.040491,0.0543829
0.456,-0.190497,0.0396019,0.0611701
0.457,-0.190738,0.0387129,0.0679574
0.458,-0.190979,0.0378239,0.0747448
0.459,-0.191221,0.0369348,0.0815321
0.46,-0.191462,0.0360458,0.0883195
0.461,-0.191703,0.0351564,0.0950882
0.462,-0.191928,0.0342617,0.101578
0.463,-0.192153,0.033367,0.108067
0.464,-0.192378,0.0324724,0.114557
0.465,-0.192604,0.0315777,0.121047
0.466,-0.192829,0.030683,0.127536
0.467,-0.193054,0.0297883,0.134026
0.468,-0.19328,0.0288936,0.140515
0.469,-0.1935,0.0279978,0.146946
0.47,-0.193708,0.0270986,0.153197
0.471,-0.193916,0.0261994,0.159449
0.472,-0.194124,0.0253002,0.165701
0.473,-0.194332,0.024401,0.171953
0.474,-0.19454,0.0235018,0.178204
0.475,-0.194747,0.0226026,0.184456
0.476,-0.194955,0.0217034,0.190708
0.477,-0.195155,0.0208028,0.196882
0.478,-0.195344,0.0199002,0.202955
0.479,-0.195533,0.0189976,0.209029
0.48,-0.195722,0.0180951,0.215102
0.481,-0.195911,0.0171925,0.221176
0.482,-0.1961,0.01629,0.22725
0.483,-0.196289,0.0153874,0.233323
0.484,-0.196478,0.0144848,0.239397
0.485,-0.196654,0.0135808,0.245397
0.486,-0.196823,0.012676,0.251351
0.487,-0.196991,0.0117713,0.257306
0.488,-0.19716,0.0108664,0.263261
0.489,-0.197329,0.00996163,0.269216
0.49,-0.197497,0.00905681,0.275171
0.491,-0.197666,0.00815201,0.281126
0.492,-0.197834,0.00724719,0.287081
0.493,-0.197985,0.00634149,0.292988
0.494,-0.198132,0.00543557,0.298883
0.495,-0.198279,0.00452963,0.304779
0.496,-0.198425,0.00362371,0.310675
0.497,-0.198572,0.00271777,0.31657
0.498,-0.198719,0.00181186,0.322466
0.499,-0.198866,0.000905916,0.328362
0.5,-0.199012,7.46018e-10,0.334257
0.501,-0.199136,-0.000905914,0.340153
0.502,-0.199259,-0.00181183,0.346048
0.503,-0.199382,-0.0027178,0.351944
0.504,-0.199505,-0.00362371,0.35784
0.505,-0.199628,-0.00452963,0.363735
0.506,-0.199751,-0.00543554,0.369631
0.507,-0.199875,-0.00634151,0.375527
0.508,-0.199993,-0.00724722,0.381434
0.509,-0.200091,-0.00815201,0.387389
0.51,-0.200189,-0.00905681,0.393343
0.511,-0.200287,-0.0099616,0.399298
0.512,-0.200385,-0.0108665,0.405253
0.513,-0.200482,-0.0117712,0.411208
0.514,-0.20058,-0.012676,0.417163
0.515,-0.200678,-0.0135808,0.423118
0.516,-0.200766,-0.0144848,0.429117
0.517,-0.200837,-0.0153874,0.435191
0.518,-0.200908,-0.0162899,0.441265
0.519,-0.200978,-0.0171925,0.447338
0.52,-0.201049,-0.0180951,0.453412
0.521,-0.20112,-0.0189977,0.459486
0.522,-0.201191,-0.0199002,0.465559
0.523,-0.201262,-0.0208028,0.471633
0.524,-0.201316,-0.0217034,0.477807
0.525,-0.201358,-0.0226026,0.484058
0.526,-0.2014,-0.0235018,0.49031
0.527,-0.201442,-0.024401,0.496562
0.528,-0.201483,-0.0253002,0.502814
0.529,-0.201525,-0.0261994,0.509066
0.53,-0.201567,-0.0270986,0.515317
0.531,-0.201609,-0.0279978,0.521569
0.532,-0.201627,-0.0288936,0.527999
0.533,-0.201638,-0.0297883,0.534489
0.534,-0.201649,-0.030683,0.540978
0.535,-0.20166,-0.0315777,0.547468
0.536,-0.201671,-0.0324724,0.553958
0.537,-0.201682,-0.033367,0.560447
0.538,-0.201692,-0.0342617,0.566937
0.539,-0.201703,-0.0351564,0.573426
0.54,-0.201683,-0.0360458,0.580195
0.541,-0.201661,-0.0369348,0.586983
0.542,-0.201639,-0.0378239,0.59377
0.543,-0.201616,-0.0387129,0.600557
0.544,-0.201594,-0.039602,0.607345
0.545,-0.201572,-0.040491,0.614132
0.546,-0.20155,-0.04138,0.620919
0.547,-0.201523,-0.0422682,0.627751
0.548,-0.201466,-0.0431504,0.634896
0.549,-0.201408,-0.0440327,0.642042
0.55,-0.201351,-0.0449149,0.649187
0.551,-0.201294,-0.0457971,0.656333
0.552,-0.201236,-0.0466793,0.663478
0.553,-0.201179,-0.0475615,0.670623
0.554,-0.201121,-0.0484438,0.677769
0.555,-0.201052,-0.0493235,0.685045
0.556,-0.200958,-0.0501977,0.692608
0.557,-0.200863,-0.0510719,0.700172
0.558,-0.200768,-0.0519462,0.707736
0.559,-0.200673,-0.0528204,0.7153
0.56,-0.200578,-0.0536946,0.722864
0.561,-0.200483,-0.0545689,0.730428
0.562,-0.200388,-0.0554431,0.737992
0.563,-0.200274,-0.0563128,0.745796
0.564,-0.200139,-0.0571778,0.753839
0.565,-0.200004,-0.0580429,0.761883
0.566,-0.19987,-0.0589079,0.769926
0.567,-0.199735,-0.059773,0.777969
0.568,-0.1996,-0.0606381,0.786013
0.569,-0.199466,-0.0615031,0.794057
0.57,-0.199331,-0.0623681,0.8021
0.571,-0.199168,-0.063226,0.810516
0.572,-0.198991,-0.0640807,0.819101
0.573,-0.198814,-0.0649354,0.827685
0.574,-0.198637,-0.06579,0.83627
0.575,-0.19846,-0.0666447,0.844855
0.576,-0.198283,-0.0674994,0.853439
0.577,-0.198106,-0.0683541,0.862025
0.578,-0.19793,-0.0692087,0.870609
0.579,-0.197713,-0.0700532,0.879722
0.58,-0.197492,-0.0708962,0.88891
0.581,-0.19727,-0.0717392,0.898098
0.582,-0.197049,-0.0725823,0.907287
0.583,-0.196827,-0.0734253,0.916475
0.584,-0.196605,-0.0742684,0.925663
0.585,-0.196384,-0.0751114,0.934851
0.586,-0.196159,-0.0759537,0.944081
0.587,-0.19589,-0.0767838,0.953936
0.588,-0.195621,-0.0776139,0.96379
0.589,-0.195352,-0.0784441,0.973644
0.59,-0.195083,-0.0792742,0.983499
0.591,-0.194814,-0.0801044,0.993353
0.592,-0.194545,-0.0809346,1.00321
0.593,-0.194277,-0.0817647,1.01306
0.594,-0.193995,-0.0825913,1.0231
0.595,-0.193676,-0.0834073,1.03368
0.596,-0.193357,-0.0842233,1.04427
0.597,-0.193038,-0.0850393,1.05485
0.598,-0.192719,-0.0858552,1.06544
0.599,-0.1924,-0.0866712,1.07602
0.6,-0.192081,-0.0874872,1.08661
0.601,-0.191762,-0.0883032,1.09719
0.602,-0.19142,-0.0891124,1.10812
0.603,-0.191048,-0.0899129,1.1195
0.604,-0.190676,-0.0907134,1.13088
0.605,-0.190304,-0.0915139,1.14226
0.606,-0.189932,-0.0923144,1.15364
0.607,-0.18956,-0.0931149,1.16502
0.608,-0.189188,-0.0939154,1.1764
0.609,-0.188816,-0.094716,1.18778
0.61,-0.18841,-0.0955059,1.19969
0.611,-0.187982,-0.0962896,1.21193
0.612,-0.187554,-0.0970733,1.22417
0.613,-0.187127,-0.0978569,1.23641
0.614,-0.186699,-0.0986406,1.24865
0.615,-0.186271,-0.0994243,1.26089
0.616,-0.185844,-0.100208,1.27313
0.617,-0.185416,-0.100992,1.28537
0.618,-0.184941,-0.101761,1.29836
0.619,-0.184454,-0.102526,1.31153
0.62,-0.183968,-0.103292,1.32469
0.621,-0.183481,-0.104057,1.33786
0.622,-0.182995,-0.104823,1.35102
0.623,-0.182509,-0.105588,1.36419
0.624,-0.182022,-0.106354,1.37736
0.625,-0.181536,-0.107119,1.39052
0.626,-0.180988,-0.107865,1.40468
0.627,-0.180439,-0.108611,1.41884
0.628,-0.179891,-0.109357,1.43301
0.629,-0.179343,-0.110103,1.44717
0.63,-0.178795,-0.110849,1.46133
0.631,-0.178246,-0.111594,1.47549
0.632,-0.177698,-0.11234,1.48965
0.633,-0.177138,-0.113082,1.50401
0.634,-0.176525,-0.113807,1.51923
0.635,-0.175912,-0.114532,1.53446
0.636,-0.175298,-0.115257,1.54968
0.637,-0.174685,-0.115982,1.56491
0.638,-0.174072,-0.116707,1.58013
0.639,-0.173459,-0.117432,1.59536
0.64,-0.172846,-0.118157,1.61058
0.641,-0.172207,-0.118873,1.62623
0.642,-0.171526,-0.119575,1.6426
0.643,-0.170844,-0.120278,1.65896
0.644,-0.170163,-0.12098,1.67532
0.645,-0.169481,-0.121683,1.69167
0.646,-0.1688,-0.122385,1.70804
0.647,-0.168119,-0.123087,1.7244
0.648,-0.167437,-0.12379,1.74076
0.649,-0.166716,-0.124479,1.75779
0.65,-0.165963,-0.125157,1.77536
0.651,-0.16521,-0.125836,1.79293
0.652,-0.164457,-0.126514,1.8105
0.653,-0.163704,-0.127192,1.82807
0.654,-0.162951,-0.127871,1.84563
0.655,-0.162199,-0.128549,1.8632
0.656,-0.161446,-0.129228,1.88077
0.657,-0.160637,-0.129887,1.8993
0.658,-0.159809,-0.13054,1.91815
0.659,-0.158981,-0.131193,1.937
0.66,-0.158153,-0.131846,1.95585
0.661,-0.157326,-0.132499,1.9747
0.662,-0.156498,-0.133152,1.99355
0.663,-0.15567,-0.133804,2.0124
0.664,-0.154842,-0.134457,2.03125
0.665,-0.153941,-0.135085,2.05137
0.666,-0.153035,-0.135711,2.07158
0.667,-0.152129,-0.136337,2.09179
0.668,-0.151223,-0.136963,2.112
0.669,-0.150317,-0.137588,2.13221
0.67,-0.14941,-0.138214,2.15242
0.671,-0.148504,-0.13884,2.17262
0.672,-0.147588,-0.139462,2.19301
0.673,-0.1466,-0.14006,2.21466
0.674,-0.145612,-0.140657,2.23631
0.675,-0.144624,-0.141254,2.25795
0.676,-0.143636,-0.141851,2.2796
0.677,-0.142648,-0.142449,2.30125
0.678,-0.14166,-0.143046,2.3229
0.679,-0.140672,-0.143643,2.34454
0.68,-0.139657,-0.144231,2.36666
0.681,-0.138584,-0.144798,2.38983
0.682,-0.137511,-0.145365,2.413
0.683,-0.136437,-0.145932,2.43617
0.684,-0.135364,-0.146499,2.45933
0.685,-0.13429,-0.147066,2.4825
0.686,-0.133217,-0.147633,2.50567
0.687,-0.132143,-0.148199,2.52883
0.688,-0.131025,-0.148751,2.5528
0.689,-0.129863,-0.149286,2.57757
0.69,-0.1287,-0.149821,2.60235
0.691,-0.127538,-0.150356,2.62712
0.692,-0.126375,-0.150891,2.65189
0.693,-0.125213,-0.151426,2.67666
0.694,-0.12405,-0.151961,2.70143
0.695,-0.122888,-0.152496,2.7262
0.696,-0.121662,-0.153008,2.75214
0.697,-0.120406,-0.15351,2.7786
0.698,-0.119151,-0.154011,2.80507
0.699,-0.117896,-0.154513,2.83153
0.7,-0.116641,-0.155014,2.858
0.701,-0.115385,-0.155516,2.88446
0.702,-0.11413,-0.156017,2.91093
0.703,-0.112875,-0.156519,2.93739
0.704,-0.111535,-0.156989,2.96542
0.705,-0.110183,-0.157456,2.99367
0.706,-0.108832,-0.157922,3.02192
0.707,-0.10748,-0.158388,3.05017
0.708,-0.106128,-0.158855,3.07842
0.709,-0.104777,-0.159321,3.10667
0.71,-0.103425,-0.159787,3.13492
0.711,-0.102067,-0.160251,3.16329
0.712,-0.100615,-0.16068,3.19342
0.713,-0.0991634,-0.16111,3.22355
0.714,-0.0977115,-0.161539,3.25368
0.715,-0.0962597,-0.161968,3.28381
0.716,-0.0948078,-0.162398,3.31394
0.717,-0.093356,-0.162827,3.34407
0.718,-0.0919041,-0.163256,3.3742
0.719,-0.0904263,-0.163676,3.40483
0.72,-0.0888705,-0.164067,3.43694
0.721,-0.0873148,-0.164457,3.46906
0.722,-0.085759,-0.164848,3.50117
0.723,-0.0842033,-0.165239,3.53328
0.724,-0.0826476,-0.165629,3.5654
0.725,-0.0810918,-0.16602,3.59751
0.726,-0.079536,-0.166411,3.62963
0.727,-0.0779332,-0.166784,3.66265
0.728,-0.0762699,-0.167134,3.69685
0.729,-0.0746065,-0.167484,3.73106
0.73,-0.0729431,-0.167835,3.76526
0.731,-0.0712797,-0.168185,3.79946
0.732,-0.0696164,-0.168535,3.83366
0.733,-0.0679531,-0.168886,3.86787
0.734,-0.0662896,-0.169236,3.90207
0.735,-0.0645567,-0.16956,3.93765
0.736,-0.062782,-0.169868,3.97405
0.737,-0.0610073,-0.170176,4.01046
0.738,-0.0592326,-0.170484,4.04686
0.739,-0.0574579,-0.170793,4.08327
0.74,-0.0556832,-0.171101,4.11967
0.741,-0.0539085,-0.171409,4.15607
0.742,-0.0521338,-0.171717,4.19248
0.743,-0.0502657,-0.17199,4.23077
0.744,-0.0483759,-0.172254,4.26949
0.745,-0.0464862,-0.172518,4.30822
0.746,-0.0445965,-0.172783,4.34694
0.747,-0.0427069,-0.173047,4.38567
0.748,-0.0408171,-0.173311,4.4244
0.749,-0.0389274,-0.173576,4.46312
0.75,-0.0370377,-0.17384,4.50185
0.751,-0.0350294,-0.174059,4.54302
0.752,-0.033021,-0.174277,4.58419
0.753,-0.0310126,-0.174496,4.62537
0.754,-0.0290043,-0.174715,4.66654
0.755,-0.0269959,-0.174934,4.70772
0.756,-0.0249876,-0.175153,4.74889
0.757,-0.0229791,-0.175371,4.79007
0.758,-0.0209479,-0.175581,4.83173
0.759,-0.0188174,-0.175753,4.87549
0.76,-0.0166868,-0.175924,4.91925
0.761,-0.0145563,-0.176096,4.96301
0.762,-0.0124256,-0.176267,5.00677
0.763,-0.0102951,-0.176438,5.05053
0.764,-0.00816458,-0.17661,5.09429
0.765,-0.00603405,-0.176781,5.13805
0.766,-0.00385639,-0.176934,5.18283
0.767,-0.00160004,-0.177057,5.22933
0.768,0.00065618,-0.177179,5.27582
0.769,0.0029124,-0.177302,5.32232
0.77,0.00516861,-0.177424,5.36881
0.771,0.00742496,-0.177547,5.4153
0.772,0.00968118,-0.177669,5.4618
0.773,0.0119374,-0.177792,5.50829
0.774,0.0142662,-0.177886,5.55641
0.775,0.0166515,-0.177957,5.6058
0.776,0.0190369,-0.178029,5.65518
0.777,0.0214222,-0.178101,5.70457
0.778,0.0238074,-0.178173,5.75396
0.779,0.0261927,-0.178245,5.80334
0.78,0.028578,-0.178316,5.85273
0.781,0.0309634,-0.178388,5.90212
0.782,0.0334479,-0.178421,5.9538
0.783,0.0359655,-0.17844,6.00625
0.784,0.0384831,-0.17846,6.0587
0.785,0.0410008,-0.178479,6.11116
0.786,0.0435184,-0.178499,6.16361
0.787,0.0460359,-0.178518,6.21606
0.788,0.0485535,-0.178538,6.26851
0.789,0.0510711,-0.178557,6.32097
0.79,0.0537158,-0.178526,6.37647
0.791,0.0563687,-0.178492,6.43218
0.792,0.0590217,-0.178457,6.48789
0.793,0.0616747,-0.178423,6.5436
0.794,0.0643278,-0.178388,6.59931
0.795,0.0669808,-0.178354,6.65501
0.796,0.0696338,-0.178319,6.71072
0.797,0.072304,-0.178278,6.76686
0.798,0.0750953,-0.178188,6.82603
0.799,0.0778868,-0.178098,6.88521
0.8,0.0806781,-0.178008,6.94438
0.801,0.0834694,-0.177918,7.00356
0.802,0.0862607,-0.177828,7.06273
0.803,0.089052,-0.177739,7.1219
0.804,0.0918434,-0.177649,7.18108
0.805,0.0946788,-0.177541,7.2414
0.806,0.0976111,-0.177394,7.30427
0.807,0.100543,-0.177247,7.36714
0.808,0.103476,-0.1771,7.43001
0.809,0.106408,-0.176953,7.49288
0.81,0.109341,-0.176806,7.55575
0.811,0.112273,-0.17666,7.61862
0.812,0.115205,-0.176513,7.68149
0.813,0.11821,-0.176337,7.74633
0.814,0.121285,-0.176131,7.81316
0.815,0.124361,-0.175926,7.87998
0.816,0.127437,-0.175721,7.9468
0.817,0.130513,-0.175515,8.01362
0.818,0.133589,-0.17531,8.08045
0.819,0.136665,-0.175105,8.14727
0.82,0.139741,-0.1749,8.21409
0.821,0.142917,-0.174653,8.28383
0.822,0.146138,-0.174388,8.3549
0.823,0.14936,-0.174123,8.42597
0.824,0.152582,-0.173858,8.49704
0.825,0.155803,-0.173593,8.5681
0.826,0.159025,-0.173328,8.63917
0.827,0.162247,-0.173063,8.71024
0.828,0.165468,-0.172798,8.7813
0.829,0.168819,-0.172479,8.85637
0.83,0.172188,-0.172153,8.932
0.831,0.175557,-0.171827,9.00764
0.832,0.178927,-0.171501,9.08328
0.833,0.182296,-0.171175,9.15892
0.834,0.185666,-0.170849,9.23455
0.835,0.189035,-0.170523,9.31019
0.836,0.192414,-0.170193,9.38614
0.837,0.195932,-0.169804,9.46672
0.838,0.199451,-0.169416,9.5473
0.839,0.202969,-0.169028,9.62788
0.84,0.206488,-0.168639,9.70846
0.841,0.210007,-0.168251,9.78904
0.842,0.213525,-0.167863,9.86962
0.843,0.217044,-0.167475,9.9502
0.844,0.2206,-0.16707,10.0321
0.845,0.22427,-0.166619,10.1181
0.846,0.227939,-0.166167,10.204
0.847,0.231608,-0.165716,10.29
0.848,0.235277,-0.165264,10.3759
0.849,0.238946,-0.164812,10.4619
0.85,0.242616,-0.164361,10.5479
0.851,0.246285,-0.163909,10.6338
0.852,0.25002,-0.163429,10.7223
0.853,0.253841,-0.162914,10.8142
0.854,0.257661,-0.162398,10.906
0.855,0.261482,-0.161882,10.9978
0.856,0.265303,-0.161366,11.0896
0.857,0.269123,-0.16085,11.1814
0.858,0.272944,-0.160334,11.2733
0.859,0.276765,-0.159818,11.3651
0.86,0.28068,-0.159262,11.461
0.861,0.284653,-0.158681,11.5592
0.862,0.288625,-0.1581,11.6575
0.863,0.292598,-0.157519,11.7558
0.864,0.296571,-0.156938,11.8541
0.865,0.300543,-0.156357,11.9523
0.866,0.304516,-0.155776,12.0506
0.867,0.308488,-0.155195,12.1489
0.868,0.312584,-0.154561,12.253
0.869,0.316709,-0.153914,12.3584
0.87,0.320833,-0.153267,12.4638
0.871,0.324958,-0.152621,12.5692
0.872,0.329082,-0.151974,12.6746
0.873,0.333207,-0.151327,12.78
0.874,0.337331,-0.15068,12.8855
0.875,0.341456,-0.150034,12.9909
0.876,0.345732,-0.149321,13.1043
0.877,0.350007,-0.148607,13.2176
0.878,0.354283,-0.147894,13.331
0.879,0.358559,-0.147181,13.4444
0.88,0.362835,-0.146468,13.5578
0.881,0.367111,-0.145755,13.6712
0.882,0.371387,-0.145042,13.7846
0.883,0.375691,-0.144316,13.8996
0.884,0.380117,-0.143537,14.022
0.885,0.384544,-0.142757,14.1443
0.886,0.38897,-0.141977,14.2667
0.887,0.393396,-0.141197,14.389
0.888,0.397823,-0.140417,14.5114
0.889,0.402249,-0.139637,14.6337
0.89,0.406675,-0.138858,14.756
0.891,0.411157,-0.138053,14.8822
0.892,0.415732,-0.137206,15.0148
0.893,0.420307,-0.136359,15.1473
0.894,0.424883,-0.135512,15.2798
0.895,0.429458,-0.134665,15.4124
0.896,0.434033,-0.133819,15.5449
0.897,0.438608,-0.132972,15.6774
0.898,0.443183,-0.132125,15.81
0.899,0.44784,-0.13124,15.9491
0.9,0.452562,-0.130326,16.0934
0.901,0.457284,-0.129413,16.2376
0.902,0.462006,-0.128499,16.3819
0.903,0.466727,-0.127585,16.5261
0.904,0.471449,-0.126671,16.6704
0.905,0.47617,-0.125757,16.8147
0.906,0.480892,-0.124843,16.9589
0.907,0.485722,-0.123879,17.1134
0.908,0.490587,-0.122898,17.2714
0.909,0.495452,-0.121918,17.4293
0.91,0.500318,-0.120937,17.5872
0.911,0.505183,-0.119956,17.7452
0.912,0.510049,-0.118975,17.9031
0.913,0.514914,-0.117994,18.061
0.914,0.51978,-0.117014,18.2189
0.915,0.524777,-0.11597,18.3921
0.916,0.529782,-0.114923,18.5662
0.917,0.534788,-0.113876,18.7403
0.918,0.539793,-0.112828,18.9144
0.919,0.544799,-0.111781,19.0886
0.92,0.549805,-0.110733,19.2627
0.921,0.55481,-0.109686,19.4368
0.922,0.559833,-0.10863,19.6134
0.923,0.564975,-0.107517,19.807
0.924,0.570116,-0.106403,20.0007
0.925,0.575258,-0.10529,20.1944
0.926,0.580399,-0.104176,20.388
0.927,0.585541,-0.103062,20.5817
0.928,0.590683,-0.101949,20.7754
0.929,0.595824,-0.100835,20.969
0.93,0.601007,-0.0997014,21.1703
0.931,0.606279,-0.0985224,21.388
0.932,0.611552,-0.0973435,21.6058
0.933,0.616824,-0.0961645,21.8236
0.934,0.622097,-0.0949855,22.0414
0.935,0.627369,-0.0938066,22.2592
0.936,0.632642,-0.0926277,22.477
0.937,0.637914,-0.0914487,22.6948
0.938,0.64325,-0.0902375,22.9279
0.939,0.648647,-0.088994,23.1763
0.94,0.654045,-0.0877506,23.4247
0.941,0.659442,-0.0865072,23.6731
0.942,0.66484,-0.0852637,23.9215
0.943,0.670238,-0.0840202,24.1699
0.944,0.675635,-0.0827768,24.4183
0.945,0.681033,-0.0815334,24.6667
0.946,0.686512,-0.0802464,24.9427
0.947,0.692028,-0.0789395,25.2313
0.948,0.697544,-0.0776327,25.5199
0.949,0.70306,-0.0763259,25.8084
0.95,0.708576,-0.0750192,26.097
0.951,0.714092,-0.0737124,26.3856
0.952,0.719609,-0.0724055,26.6742
0.953,0.725125,-0.0710987,26.9627
0.954,0.730738,-0.0697377,27.2996
0.955,0.736364,-0.0683689,27.6433
0.956,0.741991,-0.0670001,27.987
0.957,0.747619,-0.0656312,28.3307
0.958,0.753246,-0.0642624,28.6744
0.959,0.758872,-0.0628936,29.0181
0.96,0.764499,-0.0615248,29.3618
0.961,0.770133,-0.0601522,29.7106
0.962,0.775862,-0.058723,30.1345
0.963,0.781592,-0.0572938,30.5585
0.964,0.787321,-0.0558646,30.9825
0.965,0.793051,-0.0544353,31.4065
0.966,0.79878,-0.053006,31.8305
0.967,0.80451,-0.0515768,32.2545
0.968,0.810239,-0.0501476,32.6784
0.969,0.815992,-0.0487037,33.1342
0.97,0.821814,-0.0472158,33.6852
0.971,0.827637,-0.045728,34.2363
0.972,0.833459,-0.0442401,34.7873
0.973,0.839282,-0.0427523,35.3384
0.974,0.845104,-0.0412645,35.8894
0.975,0.850927,-0.0397765,36.4405
0.976,0.856749,-0.0382887,36.9915
0.977,0.862608,-0.0367761,37.6454
0.978,0.868513,-0.0352317,38.4317
0.979,0.874418,-0.0336873,39.2179
0.98,0.880324,-0.0321428,40.0042
0.981,0.886229,-0.0305983,40.7904
0.982,0.892134,-0.0290539,41.5766
0.983,0.898039,-0.0275095,42.3629
0.984,0.903944,-0.025965,43.1491
0.985,0.909894,-0.0243866,44.2732
0.986,0.91587,-0.0227878,45.5999
0.987,0.921847,-0.0211891,46.9267
0.988,0.927823,-0.0195903,48.2534
0.989,0.9338,-0.0179915,49.5802
0.99,0.939776,-0.0163927,50.907
0.991,0.945752,-0.014794,52.2337
0.992,0.951729,-0.0131952,53.5604
0.993,0.957753,-0.0115544,54.9259
0.994,0.963788,-0.00990368,56.3004
0.995,0.969824,-0.00825308,57.6748
0.996,0.975859,-0.00660248,59.0492
0.997,0.981894,-0.00495189,60.4236
0.998,0.98793,-0.00330119,61.7981
0.999,0.993965,-0.0016506,63.1725
1,1,0,64.5469
