"arc_length","u","v","p"
0,0,0,-36.6999
0.001,-0.00062034,0.00148582,-35.9988
0.002,-0.00124068,0.00297165,-35.2977
0.003,-0.00186102,0.00445747,-34.5966
0.004,-0.00248136,0.00594329,-33.8955
0.005,-0.0031017,0.00742911,-33.1944
0.006,-0.00372204,0.00891494,-32.4933
0.007,-0.00434238,0.0104008,-31.7922
0.008,-0.00495852,0.0118776,-31.0956
0.009,-0.00555646,0.0133153,-30.4185
0.01,-0.0061544,0.0147531,-29.7413
0.011,-0.00675234,0.0161909,-29.0641
0.012,-0.00735029,0.0176286,-28.3869
0.013,-0.00794823,0.0190664,-27.7098
0.014,-0.00854617,0.0205042,-27.0326
0.015,-0.00914411,0.0219419,-26.3554
0.016,-0.00973423,0.023361,-25.7806
0.017,-0.0103113,0.0247489,-25.3762
0.018,-0.0108884,0.0261368,-24.9718
0.019,-0.0114655,0.0275246,-24.5675
0.02,-0.0120426,0.0289125,-24.1631
0.021,-0.0126197,0.0303004,-23.7588
0.022,-0.0131967,0.0316883,-23.3544
0.023,-0.0137738,0.0330762,-22.9501
0.024,-0.01434,0.0344351,-22.6132
0.025,-0.0148977,0.0357715,-22.329
0.026,-0.0154554,0.0371078,-22.0447
0.027,-0.0160131,0.0384442,-21.7604
0.028,-0.0165708,0.0397806,-21.4762
0.029,-0.0171284,0.0411169,-21.1919
0.03,-0.0176861,0.0424533,-20.9076
0.031,-0.0182438,0.0437897,-20.6233
0.032,-0.018788,0.0450863,-20.3883
0.033,-0.0193276,0.0463697,-20.1696
0.034,-0.0198673,0.0476531,-19.9509
0.035,-0.020407,0.0489365,-19.7322
0.036,-0.0209466,0.0502199,-19.5135
0.037,-0.0214863,0.0515033,-19.2948
0.038,-0.022026,0.0527867,-19.0761
0.039,-0.0225656,0.0540701,-18.8574
0.04,-0.0230896,0.0553026,-18.6778
0.041,-0.0236125,0.0565318,-18.5009
0.042,-0.0241354,0.0577609,-18.324
0.043,-0.0246584,0.0589901,-18.1471
0.044,-0.0251813,0.0602192,-17.9701
0.045,-0.0257042,0.0614484,-17.7932
0.046,-0.0262272,0.0626775,-17.6163
0.047,-0.0267482,0.0638998,-17.4429
0.048,-0.0272556,0.0650735,-17.2949
0.049,-0.027763,0.0662473,-17.1468
0.05,-0.0282704,0.0674211,-16.9987
0.051,-0.0287778,0.0685949,-16.8506
0.052,-0.0292853,0.0697687,-16.7025
0.053,-0.0297927,0.0709425,-16.5545
0.054,-0.0303001,0.0721163,-16.4064
0.055,-0.030803,0.0732725,-16.2649
0.056,-0.0312961,0.07439,-16.1379
0.057,-0.0317891,0.0755075,-16.0109
0.058,-0.0322822,0.076625,-15.8838
0.059,-0.0327752,0.0777426,-15.7568
0.06,-0.0332683,0.0788601,-15.6298
0.061,-0.0337613,0.0799776,-15.5028
0.062,-0.0342544,0.0810951,-15.3758
0.063,-0.0347408,0.0821841,-15.2568
0.064,-0.0352205,0.0832445,-15.1458
0.065,-0.0357003,0.084305,-15.0348
0.066,-0.0361801,0.0853654,-14.9239
0.067,-0.0366598,0.0864259,-14.8129
0.068,-0.0371396,0.0874863,-14.7019
0.069,-0.0376194,0.0885468,-14.5909
0.07,-0.0380991,0.0896072,-14.4799
0.071,-0.0385705,0.0906281,-14.3776
0.072,-0.039038,0.0916308,-14.2792
0.073,-0.0395055,0.0926336,-14.1808
0.074,-0.0399729,0.0936364,-14.0824
0.075,-0.0404404,0.0946392,-13.984
0.076,-0.0409079,0.095642,-13.8857
0.077,-0.0413754,0.0966448,-13.7873
0.078,-0.0418429,0.0976476,-13.6889
0.079,-0.0423005,0.0985995,-13.5993
0.08,-0.0427567,0.0995442,-13.5111
0.081,-0.0432129,0.100489,-13.4228
0.082,-0.0436691,0.101434,-13.3345
0.083,-0.0441252,0.102378,-13.2463
0.084,-0.0445814,0.103323,-13.158
0.085,-0.0450376,0.104268,-13.0697
0.086,-0.0454931,0.105209,-12.982
0.087,-0.0459389,0.106095,-12.902
0.088,-0.0463847,0.106981,-12.822
0.089,-0.0468304,0.107867,-12.742
0.09,-0.0472762,0.108754,-12.6621
0.091,-0.0477219,0.10964,-12.5821
0.092,-0.0481677,0.110526,-12.5021
0.093,-0.0486135,0.111412,-12.4221
0.094,-0.0490568,0.112284,-12.3439
0.095,-0.049493,0.113112,-12.2708
0.096,-0.0499292,0.113939,-12.1978
0.097,-0.0503654,0.114767,-12.1247
0.098,-0.0508016,0.115595,-12.0517
0.099,-0.0512378,0.116422,-11.9786
0.1,-0.0516739,0.11725,-11.9055
0.101,-0.0521101,0.118078,-11.8325
0.102,-0.0525425,0.11888,-11.762
0.103,-0.0529699,0.119649,-11.6947
0.104,-0.0533973,0.120418,-11.6275
0.105,-0.0538247,0.121187,-11.5603
0.106,-0.0542521,0.121956,-11.4931
0.107,-0.0546795,0.122725,-11.4258
0.108,-0.0551069,0.123494,-11.3586
0.109,-0.0555343,0.124263,-11.2914
0.11,-0.0559566,0.124996,-11.2273
0.111,-0.056376,0.125706,-11.165
0.112,-0.0567953,0.126417,-11.1028
0.113,-0.0572147,0.127127,-11.0405
0.114,-0.057634,0.127838,-10.9783
0.115,-0.0580534,0.128549,-10.916
0.116,-0.0584727,0.129259,-10.8538
0.117,-0.0588921,0.12997,-10.7915
0.118,-0.0593055,0.130633,-10.7328
0.119,-0.0597175,0.131285,-10.6748
0.12,-0.0601295,0.131937,-10.6169
0.121,-0.0605415,0.13259,-10.5589
0.122,-0.0609535,0.133242,-10.501
0.123,-0.0613655,0.133894,-10.443
0.124,-0.0617775,0.134547,-10.385
0.125,-0.0621895,0.135199,-10.3271
0.126,-0.0625948,0.135793,-10.2729
0.127,-0.0630001,0.136387,-10.2186
0.128,-0.0634053,0.136982,-10.1644
0.129,-0.0638106,0.137576,-10.1102
0.13,-0.0642159,0.138171,-10.0559
0.131,-0.0646212,0.138765,-10.0017
0.132,-0.0650265,0.139359,-9.94747
0.133,-0.0654306,0.139943,-9.89386
0.134,-0.0658298,0.14048,-9.84289
0.135,-0.066229,0.141016,-9.79192
0.136,-0.0666282,0.141553,-9.74095
0.137,-0.0670274,0.14209,-9.68998
0.138,-0.0674266,0.142627,-9.63901
0.139,-0.0678258,0.143164,-9.58804
0.14,-0.068225,0.143701,-9.53708
0.141,-0.0686221,0.144216,-9.48718
0.142,-0.0690157,0.144696,-9.43909
0.143,-0.0694094,0.145176,-9.39099
0.144,-0.069803,0.145656,-9.34289
0.145,-0.0701966,0.146136,-9.2948
0.146,-0.0705903,0.146616,-9.2467
0.147,-0.0709839,0.147096,-9.1986
0.148,-0.0713776,0.147576,-9.1505
0.149,-0.0717684,0.148024,-9.10384
0.15,-0.072157,0.148448,-9.05828
0.151,-0.0725456,0.148871,-9.01273
0.152,-0.0729342,0.149295,-8.96717
0.153,-0.0733229,0.149719,-8.92161
0.154,-0.0737115,0.150142,-8.87606
0.155,-0.0741001,0.150566,-8.8305
0.156,-0.0744887,0.15099,-8.78495
0.157,-0.074874,0.151371,-8.74109
0.158,-0.075258,0.15174,-8.6978
0.159,-0.0756421,0.152108,-8.6545
0.16,-0.0760262,0.152476,-8.61121
0.161,-0.0764103,0.152844,-8.56792
0.162,-0.0767943,0.153212,-8.52462
0.163,-0.0771784,0.15358,-8.48133
0.164,-0.0775625,0.153948,-8.43804
0.165,-0.0779428,0.154265,-8.39664
0.166,-0.0783227,0.154578,-8.35537
0.167,-0.0787027,0.154892,-8.3141
0.168,-0.0790827,0.155205,-8.27283
0.169,-0.0794627,0.155518,-8.23155
0.17,-0.0798427,0.155832,-8.19028
0.171,-0.0802227,0.156145,-8.14901
0.172,-0.0806022,0.156452,-8.10796
0.173,-0.0809785,0.156711,-8.06851
0.174,-0.0813548,0.156971,-8.02905
0.175,-0.0817311,0.15723,-7.98959
0.176,-0.0821074,0.15749,-7.95013
0.177,-0.0824837,0.157749,-7.91067
0.178,-0.08286,0.158009,-7.87121
0.179,-0.0832363,0.158268,-7.83176
0.18,-0.0836115,0.158511,-7.79281
0.181,-0.0839845,0.158718,-7.75498
0.182,-0.0843575,0.158925,-7.71716
0.183,-0.0847305,0.159131,-7.67933
0.184,-0.0851035,0.159338,-7.64151
0.185,-0.0854765,0.159545,-7.60368
0.186,-0.0858494,0.159751,-7.56586
0.187,-0.0862224,0.159958,-7.52803
0.188,-0.0865939,0.160139,-7.49095
0.189,-0.0869639,0.160294,-7.45459
0.19,-0.0873339,0.160448,-7.41824
0.191,-0.0877039,0.160603,-7.38189
0.192,-0.0880739,0.160758,-7.34554
0.193,-0.0884439,0.160913,-7.30919
0.194,-0.0888139,0.161068,-7.27284
0.195,-0.0891839,0.161223,-7.23649
0.196,-0.0895521,0.161343,-7.20106
0.197,-0.0899194,0.161447,-7.16605
0.198,-0.0902868,0.161551,-7.13103
0.199,-0.0906541,0.161655,-7.09602
0.2,-0.0910214,0.161759,-7.06101
0.201,-0.0913888,0.161863,-7.02599
0.202,-0.0917561,0.161967,-6.99098
0.203,-0.0921234,0.162071,-6.95597
0.204,-0.0924886,0.162132,-6.92201
0.205,-0.0928536,0.162186,-6.88821
0.206,-0.0932185,0.162241,-6.85441
0.207,-0.0935834,0.162295,-6.82061
0.208,-0.0939484,0.16235,-6.78681
0.209,-0.0943133,0.162404,-6.75301
0.21,-0.0946782,0.162458,-6.71921
0.211,-0.095043,0.16251,-6.68548
0.212,-0.0954058,0.162516,-6.65279
0.213,-0.0957685,0.162522,-6.62009
0.214,-0.0961313,0.162528,-6.5874
0.215,-0.0964941,0.162534,-6.5547
0.216,-0.0968568,0.16254,-6.52201
0.217,-0.0972196,0.162546,-6.48931
0.218,-0.0975823,0.162552,-6.45662
0.219,-0.0979446,0.162546,-6.42417
0.22,-0.0983054,0.162505,-6.39249
0.221,-0.0986662,0.162464,-6.3608
0.222,-0.099027,0.162422,-6.32911
0.223,-0.0993878,0.162381,-6.29743
0.224,-0.0997486,0.16234,-6.26574
0.225,-0.100109,0.162299,-6.23405
0.226,-0.10047,0.162258,-6.20237
0.227,-0.10083,0.162196,-6.17108
0.228,-0.101189,0.162109,-6.14032
0.229,-0.101548,0.162022,-6.10955
0.23,-0.101907,0.161935,-6.07879
0.231,-0.102266,0.161848,-6.04802
0.232,-0.102625,0.16176,-6.01726
0.233,-0.102984,0.161673,-5.9865
0.234,-0.103343,0.161586,-5.95573
0.235,-0.103701,0.161471,-5.92549
0.236,-0.104059,0.161339,-5.89557
0.237,-0.104416,0.161207,-5.86565
0.238,-0.104773,0.161075,-5.83573
0.239,-0.105131,0.160944,-5.80581
0.24,-0.105488,0.160812,-5.77589
0.241,-0.105846,0.16068,-5.74597
0.242,-0.106203,0.160548,-5.71605
0.243,-0.106559,0.160381,-5.68676
0.244,-0.106915,0.160206,-5.65761
0.245,-0.107271,0.16003,-5.62847
0.246,-0.107626,0.159855,-5.59932
0.247,-0.107982,0.15968,-5.57018
0.248,-0.108338,0.159505,-5.54103
0.249,-0.108694,0.15933,-5.51188
0.25,-0.10905,0.159154,-5.48274
0.251,-0.109404,0.158937,-5.45431
0.252,-0.109759,0.15872,-5.42587
0.253,-0.110113,0.158503,-5.39744
0.254,-0.110467,0.158285,-5.369
0.255,-0.110822,0.158068,-5.34057
0.256,-0.111176,0.157851,-5.31213
0.257,-0.11153,0.157634,-5.2837
0.258,-0.111884,0.157409,-5.25539
0.259,-0.112237,0.157151,-5.22761
0.26,-0.11259,0.156893,-5.19983
0.261,-0.112943,0.156635,-5.17205
0.262,-0.113296,0.156377,-5.14427
0.263,-0.113649,0.156119,-5.11649
0.264,-0.114002,0.155861,-5.08871
0.265,-0.114355,0.155603,-5.06093
0.266,-0.114708,0.15533,-5.03337
0.267,-0.115059,0.155033,-5.0062
0.268,-0.115411,0.154736,-4.97902
0.269,-0.115762,0.154439,-4.95184
0.27,-0.116114,0.154141,-4.92467
0.271,-0.116465,0.153844,-4.89749
0.272,-0.116817,0.153547,-4.87031
0.273,-0.117168,0.15325,-4.84313
0.274,-0.117519,0.152931,-4.81627
0.275,-0.117869,0.152596,-4.78965
0.276,-0.118219,0.152261,-4.76303
0.277,-0.118569,0.151925,-4.7364
0.278,-0.118919,0.15159,-4.70978
0.279,-0.11927,0.151255,-4.68316
0.28,-0.11962,0.15092,-4.65654
0.281,-0.11997,0.150585,-4.62992
0.282,-0.120319,0.150222,-4.60368
0.283,-0.120667,0.14985,-4.57757
0.284,-0.121016,0.149478,-4.55146
0.285,-0.121365,0.149107,-4.52535
0.286,-0.121713,0.148735,-4.49924
0.287,-0.122062,0.148363,-4.47313
0.288,-0.122411,0.147991,-4.44703
0.289,-0.122759,0.14762,-4.42092
0.29,-0.123106,0.147215,-4.39525
0.291,-0.123453,0.146808,-4.36961
0.292,-0.123801,0.146401,-4.34398
0.293,-0.124148,0.145994,-4.31834
0.294,-0.124495,0.145587,-4.29271
0.295,-0.124842,0.14518,-4.26707
0.296,-0.125189,0.144773,-4.24143
0.297,-0.125536,0.144362,-4.21585
0.298,-0.125881,0.143921,-4.19065
0.299,-0.126226,0.143481,-4.16545
0.3,-0.126572,0.14304,-4.14025
0.301,-0.126917,0.142599,-4.11505
0.302,-0.127263,0.142159,-4.08985
0.303,-0.127608,0.141718,-4.06465
0.304,-0.127953,0.141277,-4.03946
0.305,-0.128298,0.140826,-4.01438
0.306,-0.128642,0.140353,-3.98959
0.307,-0.128985,0.13988,-3.96479
0.308,-0.129329,0.139407,-3.94
0.309,-0.129672,0.138934,-3.9152
0.31,-0.130016,0.138461,-3.8904
0.311,-0.130359,0.137988,-3.86561
0.312,-0.130703,0.137515,-3.84081
0.313,-0.131045,0.137026,-3.8162
0.314,-0.131387,0.136522,-3.79178
0.315,-0.131728,0.136018,-3.76736
0.316,-0.13207,0.135514,-3.74293
0.317,-0.132411,0.135009,-3.71851
0.318,-0.132753,0.134505,-3.69409
0.319,-0.133094,0.134001,-3.66967
0.32,-0.133436,0.133497,-3.64524
0.321,-0.133776,0.132973,-3.62106
0.322,-0.134115,0.132439,-3.59698
0.323,-0.134454,0.131905,-3.5729
0.324,-0.134793,0.131371,-3.54882
0.325,-0.135132,0.130838,-3.52475
0.326,-0.135472,0.130304,-3.50067
0.327,-0.135811,0.12977,-3.47659
0.328,-0.13615,0.129237,-3.45251
0.329,-0.136487,0.128678,-3.42871
0.33,-0.136824,0.128116,-3.40495
0.331,-0.13716,0.127554,-3.38119
0.332,-0.137497,0.126992,-3.35743
0.333,-0.137834,0.12643,-3.33367
0.334,-0.13817,0.125868,-3.30992
0.335,-0.138507,0.125306,-3.28616
0.336,-0.138844,0.124743,-3.26241
0.337,-0.139177,0.124154,-3.23895
0.338,-0.139511,0.123565,-3.21548
0.339,-0.139845,0.122976,-3.19202
0.34,-0.140179,0.122387,-3.16855
0.341,-0.140513,0.121798,-3.14509
0.342,-0.140847,0.12121,-3.12162
0.343,-0.14118,0.120621,-3.09816
0.344,-0.141513,0.120026,-3.07476
0.345,-0.141844,0.119411,-3.05157
0.346,-0.142175,0.118797,-3.02837
0.347,-0.142505,0.118183,-3.00518
0.348,-0.142836,0.117568,-2.98198
0.349,-0.143167,0.116954,-2.95879
0.35,-0.143497,0.11634,-2.9356
0.351,-0.143828,0.115725,-2.9124
0.352,-0.144157,0.1151,-2.88932
0.353,-0.144484,0.114462,-2.86637
0.354,-0.144811,0.113823,-2.84343
0.355,-0.145138,0.113185,-2.82049
0.356,-0.145465,0.112546,-2.79754
0.357,-0.145792,0.111908,-2.7746
0.358,-0.14612,0.111269,-2.75166
0.359,-0.146447,0.110631,-2.72871
0.36,-0.146771,0.109978,-2.70591
0.361,-0.147094,0.109317,-2.6832
0.362,-0.147417,0.108656,-2.66049
0.363,-0.14774,0.107994,-2.63777
0.364,-0.148064,0.107333,-2.61506
0.365,-0.148387,0.106672,-2.59235
0.366,-0.14871,0.106011,-2.56964
0.367,-0.149033,0.105349,-2.54692
0.368,-0.149352,0.104671,-2.52438
0.369,-0.149671,0.103988,-2.50188
0.37,-0.14999,0.103305,-2.47938
0.371,-0.150308,0.102622,-2.45688
0.372,-0.150627,0.10194,-2.43438
0.373,-0.150945,0.101257,-2.41188
0.374,-0.151264,0.100574,-2.38938
0.375,-0.151583,0.0998915,-2.36688
0.376,-0.151896,0.0991887,-2.34457
0.377,-0.15221,0.0984858,-2.32227
0.378,-0.152524,0.0977829,-2.29996
0.379,-0.152837,0.0970801,-2.27765
0.38,-0.153151,0.0963772,-2.25535
0.381,-0.153465,0.0956744,-2.23304
0.382,-0.153778,0.0949715,-2.21074
0.383,-0.154091,0.0942651,-2.18846
0.384,-0.154399,0.0935435,-2.16634
0.385,-0.154707,0.0928218,-2.14421
0.386,-0.155015,0.0921001,-2.12208
0.387,-0.155323,0.0913785,-2.09995
0.388,-0.155631,0.0906568,-2.07783
0.389,-0.15594,0.0899352,-2.0557
0.39,-0.156248,0.0892135,-2.03357
0.391,-0.156554,0.0884853,-2.0115
0.392,-0.156856,0.0877461,-1.98954
0.393,-0.157158,0.0870069,-1.96757
0.394,-0.15746,0.0862678,-1.94561
0.395,-0.157762,0.0855286,-1.92365
0.396,-0.158064,0.0847895,-1.90168
0.397,-0.158366,0.0840503,-1.87972
0.398,-0.158667,0.0833112,-1.85775
0.399,-0.158966,0.0825629,-1.83587
0.4,-0.159261,0.0818075,-1.81405
0.401,-0.159556,0.0810522,-1.79224
0.402,-0.159851,0.0802968,-1.77042
0.403,-0.160146,0.0795414,-1.7486
0.404,-0.160442,0.0787861,-1.72679
0.405,-0.160737,0.0780307,-1.70497
0.406,-0.161032,0.0772754,-1.68315
0.407,-0.161322,0.0765088,-1.66144
0.408,-0.161609,0.0757385,-1.63976
0.409,-0.161897,0.0749683,-1.61807
0.41,-0.162185,0.074198,-1.59639
0.411,-0.162473,0.0734277,-1.57471
0.412,-0.16276,0.0726574,-1.55303
0.413,-0.163048,0.0718872,-1.53135
0.414,-0.163336,0.0711169,-1.50966
0.415,-0.163616,0.0703339,-1.48809
0.416,-0.163895,0.0695499,-1.46653
0.417,-0.164175,0.0687661,-1.44497
0.418,-0.164454,0.0679821,-1.42341
0.419,-0.164734,0.0671982,-1.40185
0.42,-0.165013,0.0664143,-1.38029
0.421,-0.165293,0.0656304,-1.35873
0.422,-0.165571,0.064845,-1.33718
0.423,-0.165841,0.0640487,-1.31573
0.424,-0.166112,0.0632525,-1.29427
0.425,-0.166382,0.0624562,-1.27282
0.426,-0.166653,0.0616599,-1.25137
0.427,-0.166923,0.0608637,-1.22992
0.428,-0.167194,0.0600674,-1.20846
0.429,-0.167464,0.0592711,-1.18701
0.43,-0.167732,0.0584714,-1.16559
0.431,-0.167992,0.057664,-1.14423
0.432,-0.168253,0.0568567,-1.12287
0.433,-0.168513,0.0560493,-1.10152
0.434,-0.168774,0.055242,-1.08016
0.435,-0.169034,0.0544346,-1.0588
0.436,-0.169295,0.0536272,-1.03745
0.437,-0.169555,0.0528199,-1.01609
0.438,-0.169811,0.0520076,-0.994774
0.439,-0.17006,0.0511904,-0.973501
0.44,-0.17031,0.0503732,-0.952229
0.441,-0.17056,0.0495559,-0.930956
0.442,-0.17081,0.0487387,-0.909684
0.443,-0.171059,0.0479215,-0.888412
0.444,-0.171309,0.0471043,-0.867139
0.445,-0.171559,0.0462871,-0.845867
0.446,-0.171801,0.045464,-0.824644
0.447,-0.172038,0.0446382,-0.803445
0.448,-0.172276,0.0438124,-0.782245
0.449,-0.172514,0.0429866,-0.761046
0.45,-0.172752,0.0421608,-0.739847
0.451,-0.17299,0.041335,-0.718647
0.452,-0.173228,0.0405092,-0.697447
0.453,-0.173466,0.0396834,-0.676248
0.454,-0.173693,0.0388511,-0.655103
0.455,-0.173918,0.0380179,-0.633965
0.456,-0.174143,0.0371848,-0.612827
0.457,-0.174369,0.0363516,-0.59169
0.458,-0.174594,0.0355185,-0.570552
0.459,-0.174819,0.0346853,-0.549415
0.46,-0.175044,0.0338521,-0.528277
0.461,-0.175269,0.0330186,-0.507143
0.462,-0.17548,0.0321793,-0.486056
0.463,-0.175691,0.03134,-0.46497
0.464,-0.175902,0.0305008,-0.443884
0.465,-0.176114,0.0296615,-0.422797
0.466,-0.176325,0.0288222,-0.401711
0.467,-0.176536,0.0279829,-0.380624
0.468,-0.176748,0.0271436,-0.359538
0.469,-0.176955,0.0263031,-0.338462
0.47,-0.177151,0.0254589,-0.317416
0.471,-0.177348,0.0246148,-0.296371
0.472,-0.177544,0.0237706,-0.275325
0.473,-0.17774,0.0229264,-0.25428
0.474,-0.177936,0.0220822,-0.233234
0.475,-0.178132,0.021238,-0.212188
0.476,-0.178329,0.0203938,-0.191142
0.477,-0.178518,0.0195481,-0.17011
0.478,-0.178698,0.0187002,-0.149095
0.479,-0.178878,0.0178524,-0.128079
0.48,-0.179058,0.0170046,-0.107064
0.481,-0.179238,0.0161567,-0.0860488
0.482,-0.179418,0.0153089,-0.0650337
0.483,-0.179598,0.014461,-0.0440181
0.484,-0.179778,0.0136132,-0.023003
0.485,-0.179947,0.0127638,-0.00199996
0.486,-0.180109,0.0119135,0.0189949
0.487,-0.180272,0.0110632,0.0399898
0.488,-0.180434,0.0102129,0.0609853
0.489,-0.180597,0.00936267,0.0819801
0.49,-0.180759,0.00851237,0.102976
0.491,-0.180921,0.0076621,0.123971
0.492,-0.181084,0.0068118,0.144966
0.493,-0.181231,0.00596054,0.165953
0.494,-0.181375,0.00510904,0.186938
0.495,-0.181518,0.00425752,0.207923
0.496,-0.181662,0.00340603,0.228908
0.497,-0.181805,0.00255451,0.249893
0.498,-0.181949,0.00170301,0.270878
0.499,-0.182092,0.000851494,0.291863
0.5,-0.182236,-1.48277e-12,0.312848
0.501,-0.182359,-0.000851494,0.333833
0.502,-0.182482,-0.00170299,0.354818
0.503,-0.182606,-0.00255453,0.375804
0.504,-0.182729,-0.00340603,0.396789
0.505,-0.182852,-0.00425752,0.417774
0.506,-0.182975,-0.00510902,0.438758
0.507,-0.183099,-0.00596056,0.459744
0.508,-0.183218,-0.00681183,0.480731
0.509,-0.183319,-0.0076621,0.501726
0.51,-0.183421,-0.00851237,0.522721
0.511,-0.183522,-0.00936265,0.543716
0.512,-0.183624,-0.010213,0.564712
0.513,-0.183725,-0.0110632,0.585707
0.514,-0.183827,-0.0119135,0.606702
0.515,-0.183928,-0.0127638,0.627696
0.516,-0.184021,-0.0136131,0.648699
0.517,-0.184099,-0.014461,0.669715
0.518,-0.184177,-0.0153089,0.69073
0.519,-0.184255,-0.0161567,0.711745
0.52,-0.184333,-0.0170045,0.73276
0.521,-0.184411,-0.0178524,0.753777
0.522,-0.184489,-0.0187002,0.774792
0.523,-0.184568,-0.0195481,0.795807
0.524,-0.184632,-0.0203938,0.816839
0.525,-0.184685,-0.021238,0.837884
0.526,-0.184738,-0.0220822,0.858931
0.527,-0.184791,-0.0229264,0.879976
0.528,-0.184844,-0.0237706,0.901022
0.529,-0.184897,-0.0246147,0.922067
0.53,-0.18495,-0.0254589,0.943112
0.531,-0.185003,-0.0263031,0.964159
0.532,-0.185036,-0.0271436,0.985235
0.533,-0.185063,-0.0279829,1.00632
0.534,-0.185089,-0.0288222,1.02741
0.535,-0.185116,-0.0296615,1.04849
0.536,-0.185142,-0.0305008,1.06958
0.537,-0.185168,-0.03134,1.09067
0.538,-0.185195,-0.0321793,1.11175
0.539,-0.185221,-0.0330186,1.13284
0.54,-0.185221,-0.0338522,1.15397
0.541,-0.185219,-0.0346853,1.17511
0.542,-0.185217,-0.0355185,1.19625
0.543,-0.185215,-0.0363516,1.21739
0.544,-0.185212,-0.0371848,1.23852
0.545,-0.18521,-0.038018,1.25966
0.546,-0.185208,-0.0388511,1.2808
0.547,-0.185202,-0.0396834,1.30194
0.548,-0.18517,-0.0405092,1.32314
0.549,-0.185137,-0.041335,1.34434
0.55,-0.185105,-0.0421608,1.36554
0.551,-0.185072,-0.0429866,1.38674
0.552,-0.18504,-0.0438124,1.40794
0.553,-0.185007,-0.0446382,1.42914
0.554,-0.184975,-0.045464,1.45034
0.555,-0.184932,-0.0462871,1.47156
0.556,-0.184868,-0.0471043,1.49284
0.557,-0.184803,-0.0479215,1.51411
0.558,-0.184738,-0.0487388,1.53538
0.559,-0.184673,-0.049556,1.55665
0.56,-0.184608,-0.0503732,1.57793
0.561,-0.184544,-0.0511904,1.5992
0.562,-0.184479,-0.0520076,1.62047
0.563,-0.184397,-0.0528199,1.64179
0.564,-0.184298,-0.0536272,1.66314
0.565,-0.184199,-0.0544346,1.6845
0.566,-0.184099,-0.0552419,1.70586
0.567,-0.184,-0.0560493,1.72721
0.568,-0.183901,-0.0568567,1.74857
0.569,-0.183802,-0.057664,1.76993
0.57,-0.183703,-0.0584714,1.79128
0.571,-0.183578,-0.0592711,1.81271
0.572,-0.183443,-0.0600674,1.83416
0.573,-0.183307,-0.0608637,1.85561
0.574,-0.183171,-0.0616599,1.87706
0.575,-0.183036,-0.0624562,1.89852
0.576,-0.1829,-0.0632524,1.91997
0.577,-0.182765,-0.0640487,1.94142
0.578,-0.182629,-0.064845,1.96288
0.579,-0.182459,-0.0656304,1.98442
0.58,-0.182285,-0.0664143,2.00599
0.581,-0.182111,-0.0671982,2.02755
0.582,-0.181936,-0.0679822,2.04911
0.583,-0.181762,-0.0687661,2.07067
0.584,-0.181588,-0.0695499,2.09223
0.585,-0.181413,-0.0703338,2.11379
0.586,-0.181236,-0.0711169,2.13536
0.587,-0.181021,-0.0718872,2.15704
0.588,-0.180806,-0.0726574,2.17872
0.589,-0.18059,-0.0734277,2.20041
0.59,-0.180375,-0.074198,2.22209
0.591,-0.18016,-0.0749683,2.24377
0.592,-0.179944,-0.0757385,2.26545
0.593,-0.179729,-0.0765088,2.28714
0.594,-0.179503,-0.0772753,2.30885
0.595,-0.179244,-0.0780307,2.33067
0.596,-0.178985,-0.0787861,2.35248
0.597,-0.178726,-0.0795414,2.3743
0.598,-0.178468,-0.0802968,2.39612
0.599,-0.178209,-0.0810521,2.41793
0.6,-0.17795,-0.0818075,2.43975
0.601,-0.177692,-0.0825629,2.46157
0.602,-0.177413,-0.0833112,2.48345
0.603,-0.177108,-0.0840503,2.50541
0.604,-0.176804,-0.0847895,2.52738
0.605,-0.176499,-0.0855286,2.54934
0.606,-0.176194,-0.0862678,2.57131
0.607,-0.17589,-0.0870069,2.59327
0.608,-0.175585,-0.0877461,2.61524
0.609,-0.175281,-0.0884853,2.6372
0.61,-0.174946,-0.0892135,2.65927
0.611,-0.174593,-0.0899352,2.68139
0.612,-0.17424,-0.0906568,2.70352
0.613,-0.173887,-0.0913785,2.72565
0.614,-0.173534,-0.0921002,2.74778
0.615,-0.173181,-0.0928218,2.76991
0.616,-0.172828,-0.0935435,2.79203
0.617,-0.172475,-0.0942651,2.81416
0.618,-0.17208,-0.0949715,2.83643
0.619,-0.171676,-0.0956744,2.85874
0.62,-0.171272,-0.0963772,2.88104
0.621,-0.170868,-0.0970801,2.90335
0.622,-0.170464,-0.0977829,2.92566
0.623,-0.17006,-0.0984858,2.94796
0.624,-0.169656,-0.0991887,2.97027
0.625,-0.169252,-0.0998915,2.99257
0.626,-0.168794,-0.100574,3.01508
0.627,-0.168336,-0.101257,3.03758
0.628,-0.167878,-0.10194,3.06008
0.629,-0.16742,-0.102622,3.08258
0.63,-0.166962,-0.103305,3.10508
0.631,-0.166504,-0.103988,3.12758
0.632,-0.166046,-0.104671,3.15008
0.633,-0.165578,-0.105349,3.17262
0.634,-0.165063,-0.106011,3.19533
0.635,-0.164549,-0.106672,3.21805
0.636,-0.164034,-0.107333,3.24076
0.637,-0.16352,-0.107994,3.26347
0.638,-0.163005,-0.108656,3.28619
0.639,-0.16249,-0.109317,3.3089
0.64,-0.161976,-0.109978,3.33161
0.641,-0.161439,-0.110631,3.35441
0.642,-0.160865,-0.111269,3.37735
0.643,-0.160291,-0.111908,3.4003
0.644,-0.159716,-0.112546,3.42324
0.645,-0.159142,-0.113185,3.44618
0.646,-0.158568,-0.113823,3.46913
0.647,-0.157994,-0.114462,3.49207
0.648,-0.15742,-0.1151,3.51501
0.649,-0.15681,-0.115725,3.5381
0.65,-0.156173,-0.116339,3.56129
0.651,-0.155537,-0.116954,3.58449
0.652,-0.1549,-0.117568,3.60768
0.653,-0.154263,-0.118183,3.63087
0.654,-0.153626,-0.118797,3.65407
0.655,-0.152989,-0.119411,3.67726
0.656,-0.152352,-0.120026,3.70046
0.657,-0.151666,-0.120621,3.72385
0.658,-0.150964,-0.12121,3.74732
0.659,-0.150261,-0.121798,3.77078
0.66,-0.149559,-0.122387,3.79425
0.661,-0.148856,-0.122976,3.81772
0.662,-0.148154,-0.123565,3.84118
0.663,-0.147451,-0.124154,3.86465
0.664,-0.146748,-0.124743,3.88811
0.665,-0.145981,-0.125306,3.91185
0.666,-0.14521,-0.125868,3.93561
0.667,-0.144438,-0.12643,3.95937
0.668,-0.143667,-0.126992,3.98313
0.669,-0.142895,-0.127554,4.00689
0.67,-0.142124,-0.128116,4.03065
0.671,-0.141352,-0.128678,4.05441
0.672,-0.140572,-0.129237,4.07821
0.673,-0.139728,-0.12977,4.10229
0.674,-0.138884,-0.130304,4.12637
0.675,-0.13804,-0.130838,4.15044
0.676,-0.137196,-0.131371,4.17452
0.677,-0.136353,-0.131905,4.1986
0.678,-0.135509,-0.132439,4.22268
0.679,-0.134665,-0.132973,4.24676
0.68,-0.133798,-0.133497,4.27094
0.681,-0.132878,-0.134001,4.29536
0.682,-0.131959,-0.134505,4.31979
0.683,-0.131039,-0.135009,4.34421
0.684,-0.13012,-0.135514,4.36863
0.685,-0.1292,-0.136018,4.39305
0.686,-0.128281,-0.136522,4.41748
0.687,-0.127362,-0.137026,4.4419
0.688,-0.126402,-0.137515,4.46651
0.689,-0.125404,-0.137988,4.4913
0.69,-0.124405,-0.138461,4.5161
0.691,-0.123407,-0.138934,4.5409
0.692,-0.122408,-0.139407,4.56569
0.693,-0.12141,-0.13988,4.59049
0.694,-0.120411,-0.140353,4.61528
0.695,-0.119412,-0.140826,4.64008
0.696,-0.118357,-0.141277,4.66515
0.697,-0.117276,-0.141718,4.69035
0.698,-0.116194,-0.142159,4.71555
0.699,-0.115113,-0.142599,4.74075
0.7,-0.114032,-0.14304,4.76595
0.701,-0.112951,-0.143481,4.79115
0.702,-0.111869,-0.143922,4.81635
0.703,-0.110788,-0.144362,4.84155
0.704,-0.109631,-0.144773,4.86713
0.705,-0.108464,-0.14518,4.89276
0.706,-0.107296,-0.145587,4.9184
0.707,-0.106128,-0.145994,4.94404
0.708,-0.104961,-0.146401,4.96967
0.709,-0.103793,-0.146808,4.99531
0.71,-0.102626,-0.147215,5.02095
0.711,-0.101452,-0.14762,5.04661
0.712,-0.100195,-0.147991,5.07272
0.713,-0.0989369,-0.148363,5.09883
0.714,-0.0976792,-0.148735,5.12494
0.715,-0.0964216,-0.149107,5.15105
0.716,-0.0951638,-0.149478,5.17716
0.717,-0.0939061,-0.14985,5.20327
0.718,-0.0926484,-0.150222,5.22938
0.719,-0.0913673,-0.150585,5.25561
0.72,-0.0900157,-0.15092,5.28224
0.721,-0.0886641,-0.151255,5.30886
0.722,-0.0873125,-0.15159,5.33548
0.723,-0.085961,-0.151925,5.3621
0.724,-0.0846094,-0.152261,5.38872
0.725,-0.0832578,-0.152596,5.41535
0.726,-0.0819062,-0.152931,5.44197
0.727,-0.0805119,-0.15325,5.46883
0.728,-0.0790625,-0.153547,5.49601
0.729,-0.0776132,-0.153844,5.52318
0.73,-0.0761638,-0.154141,5.55036
0.731,-0.0747145,-0.154439,5.57754
0.732,-0.0732652,-0.154736,5.60472
0.733,-0.0718158,-0.155033,5.63189
0.734,-0.0703664,-0.15533,5.65907
0.735,-0.0688535,-0.155603,5.68662
0.736,-0.0673025,-0.155861,5.7144
0.737,-0.0657514,-0.156119,5.74218
0.738,-0.0642004,-0.156377,5.76996
0.739,-0.0626493,-0.156635,5.79774
0.74,-0.0610982,-0.156893,5.82552
0.741,-0.0595472,-0.157151,5.8533
0.742,-0.0579962,-0.157409,5.88108
0.743,-0.0563592,-0.157634,5.90939
0.744,-0.0547023,-0.157851,5.93783
0.745,-0.0530456,-0.158068,5.96626
0.746,-0.0513888,-0.158285,5.9947
0.747,-0.049732,-0.158503,6.02313
0.748,-0.0480751,-0.15872,6.05157
0.749,-0.0464184,-0.158937,6.08
0.75,-0.0447616,-0.159154,6.10844
0.751,-0.042995,-0.15933,6.13758
0.752,-0.0412284,-0.159505,6.16673
0.753,-0.0394617,-0.15968,6.19587
0.754,-0.0376952,-0.159855,6.22502
0.755,-0.0359286,-0.16003,6.25416
0.756,-0.034162,-0.160206,6.28331
0.757,-0.0323953,-0.160381,6.31246
0.758,-0.0306073,-0.160548,6.34175
0.759,-0.0287268,-0.16068,6.37167
0.76,-0.0268463,-0.160812,6.40159
0.761,-0.0249658,-0.160944,6.43151
0.762,-0.0230851,-0.161075,6.46143
0.763,-0.0212046,-0.161207,6.49135
0.764,-0.0193241,-0.161339,6.52127
0.765,-0.0174435,-0.161471,6.55119
0.766,-0.0155187,-0.161586,6.58143
0.767,-0.0135199,-0.161673,6.61219
0.768,-0.0115213,-0.16176,6.64296
0.769,-0.00952261,-0.161848,6.67372
0.77,-0.00752395,-0.161935,6.70449
0.771,-0.00552517,-0.162022,6.73525
0.772,-0.00352651,-0.162109,6.76602
0.773,-0.00152786,-0.162196,6.79678
0.774,0.000539628,-0.162258,6.82806
0.775,0.00266064,-0.162299,6.85975
0.776,0.00478178,-0.16234,6.89144
0.777,0.0069028,-0.162381,6.92312
0.778,0.00902382,-0.162422,6.95481
0.779,0.0111448,-0.162464,6.9865
0.78,0.0132658,-0.162505,7.01818
0.781,0.015387,-0.162546,7.04987
0.782,0.017603,-0.162552,7.08231
0.783,0.0198506,-0.162546,7.11501
0.784,0.0220982,-0.16254,7.1477
0.785,0.024346,-0.162534,7.1804
0.786,0.0265936,-0.162528,7.21309
0.787,0.0288413,-0.162522,7.24579
0.788,0.0310889,-0.162516,7.27848
0.789,0.0333366,-0.16251,7.31118
0.79,0.0357071,-0.162458,7.34491
0.791,0.0380856,-0.162404,7.37871
0.792,0.0404642,-0.16235,7.41251
0.793,0.0428427,-0.162295,7.44631
0.794,0.0452214,-0.162241,7.48011
0.795,0.0476,-0.162186,7.51391
0.796,0.0499785,-0.162132,7.54771
0.797,0.052374,-0.162071,7.58166
0.798,0.0548877,-0.161967,7.61667
0.799,0.0574017,-0.161863,7.65169
0.8,0.0599155,-0.161759,7.6867
0.801,0.0624292,-0.161655,7.72172
0.802,0.064943,-0.161551,7.75673
0.803,0.0674568,-0.161447,7.79174
0.804,0.0699707,-0.161343,7.82676
0.805,0.0725281,-0.161223,7.86219
0.806,0.0751815,-0.161068,7.89854
0.807,0.0778348,-0.160913,7.93489
0.808,0.0804883,-0.160758,7.97124
0.809,0.0831417,-0.160603,8.00759
0.81,0.085795,-0.160448,8.04394
0.811,0.0884484,-0.160294,8.08029
0.812,0.0911017,-0.160139,8.11664
0.813,0.0938272,-0.159958,8.15373
0.814,0.0966244,-0.159751,8.19155
0.815,0.0994217,-0.159545,8.22938
0.816,0.102219,-0.159338,8.2672
0.817,0.105016,-0.159131,8.30503
0.818,0.107814,-0.158925,8.34286
0.819,0.110611,-0.158718,8.38068
0.82,0.113408,-0.158511,8.41851
0.821,0.116307,-0.158268,8.45745
0.822,0.119253,-0.158009,8.49691
0.823,0.122198,-0.157749,8.53637
0.824,0.125144,-0.15749,8.57583
0.825,0.128089,-0.15723,8.61529
0.826,0.131035,-0.156971,8.65474
0.827,0.13398,-0.156711,8.6942
0.828,0.136926,-0.156452,8.73366
0.829,0.140005,-0.156145,8.77471
0.83,0.143103,-0.155832,8.81598
0.831,0.146201,-0.155518,8.85725
0.832,0.149299,-0.155205,8.89852
0.833,0.152397,-0.154892,8.93979
0.834,0.155495,-0.154578,8.98106
0.835,0.158593,-0.154265,9.02234
0.836,0.161701,-0.153948,9.06374
0.837,0.164956,-0.15358,9.10703
0.838,0.168211,-0.153212,9.15032
0.839,0.171466,-0.152844,9.19361
0.84,0.174721,-0.152476,9.23691
0.841,0.177976,-0.152108,9.2802
0.842,0.181231,-0.15174,9.32349
0.843,0.184486,-0.151371,9.36679
0.844,0.187781,-0.15099,9.41064
0.845,0.191197,-0.150566,9.4562
0.846,0.194613,-0.150142,9.50176
0.847,0.198029,-0.149719,9.54731
0.848,0.201445,-0.149295,9.59286
0.849,0.204861,-0.148871,9.63842
0.85,0.208277,-0.148448,9.68398
0.851,0.211693,-0.148024,9.72953
0.852,0.215181,-0.147576,9.7762
0.853,0.218763,-0.147096,9.8243
0.854,0.222344,-0.146616,9.87239
0.855,0.225926,-0.146136,9.92049
0.856,0.229507,-0.145656,9.96859
0.857,0.233088,-0.145176,10.0167
0.858,0.23667,-0.144696,10.0648
0.859,0.240251,-0.144216,10.1129
0.86,0.243939,-0.143701,10.1628
0.861,0.24769,-0.143164,10.2137
0.862,0.25144,-0.142627,10.2647
0.863,0.255191,-0.14209,10.3157
0.864,0.258942,-0.141553,10.3666
0.865,0.262693,-0.141016,10.4176
0.866,0.266444,-0.14048,10.4686
0.867,0.270195,-0.139943,10.5196
0.868,0.274087,-0.139359,10.5732
0.869,0.278012,-0.138765,10.6274
0.87,0.281936,-0.138171,10.6816
0.871,0.285861,-0.137576,10.7359
0.872,0.289786,-0.136982,10.7901
0.873,0.29371,-0.136387,10.8443
0.874,0.297635,-0.135793,10.8986
0.875,0.301559,-0.135199,10.9528
0.876,0.305662,-0.134547,11.0107
0.877,0.309764,-0.133894,11.0687
0.878,0.313866,-0.133242,11.1267
0.879,0.317969,-0.13259,11.1846
0.88,0.322071,-0.131937,11.2426
0.881,0.326173,-0.131285,11.3005
0.882,0.330276,-0.130633,11.3585
0.883,0.334412,-0.12997,11.4172
0.884,0.338696,-0.129259,11.4795
0.885,0.34298,-0.128549,11.5417
0.886,0.347264,-0.127838,11.604
0.887,0.351548,-0.127127,11.6662
0.888,0.355832,-0.126417,11.7285
0.889,0.360116,-0.125706,11.7907
0.89,0.3644,-0.124996,11.853
0.891,0.368753,-0.124263,11.9171
0.892,0.373223,-0.123494,11.9843
0.893,0.377692,-0.122725,12.0515
0.894,0.382162,-0.121956,12.1188
0.895,0.386631,-0.121187,12.186
0.896,0.391101,-0.120418,12.2532
0.897,0.39557,-0.119649,12.3204
0.898,0.40004,-0.11888,12.3877
0.899,0.404616,-0.118078,12.4582
0.9,0.409275,-0.11725,12.5312
0.901,0.413934,-0.116422,12.6043
0.902,0.418593,-0.115595,12.6774
0.903,0.423251,-0.114767,12.7504
0.904,0.42791,-0.113939,12.8235
0.905,0.432569,-0.113112,12.8965
0.906,0.437228,-0.112284,12.9696
0.907,0.442032,-0.111412,13.0478
0.908,0.446884,-0.110526,13.1278
0.909,0.451735,-0.10964,13.2078
0.91,0.456588,-0.108754,13.2878
0.911,0.461439,-0.107867,13.3677
0.912,0.466291,-0.106981,13.4477
0.913,0.471143,-0.106095,13.5277
0.914,0.475995,-0.105209,13.6076
0.915,0.481031,-0.104268,13.6954
0.916,0.48608,-0.103323,13.7837
0.917,0.491128,-0.102378,13.8719
0.918,0.496177,-0.101434,13.9602
0.919,0.501225,-0.100489,14.0485
0.92,0.506274,-0.0995442,14.1368
0.921,0.511322,-0.0985995,14.225
0.922,0.516396,-0.0976476,14.3146
0.923,0.521644,-0.0966448,14.413
0.924,0.526893,-0.095642,14.5114
0.925,0.532141,-0.0946392,14.6097
0.926,0.53739,-0.0936364,14.7081
0.927,0.542638,-0.0926336,14.8065
0.928,0.547886,-0.0916309,14.9049
0.929,0.553135,-0.090628,15.0033
0.93,0.558447,-0.0896072,15.1056
0.931,0.563899,-0.0885468,15.2166
0.932,0.569351,-0.0874863,15.3276
0.933,0.574803,-0.0864258,15.4386
0.934,0.580255,-0.0853654,15.5496
0.935,0.585706,-0.084305,15.6605
0.936,0.591158,-0.0832445,15.7715
0.937,0.59661,-0.0821841,15.8825
0.938,0.602165,-0.0810951,16.0015
0.939,0.607824,-0.0799776,16.1285
0.94,0.613482,-0.0788601,16.2555
0.941,0.61914,-0.0777426,16.3825
0.942,0.624799,-0.0766251,16.5095
0.943,0.630457,-0.0755075,16.6365
0.944,0.636115,-0.07439,16.7636
0.945,0.641774,-0.0732725,16.8906
0.946,0.647576,-0.0721163,17.0321
0.947,0.653444,-0.0709425,17.1802
0.948,0.659312,-0.0697687,17.3282
0.949,0.66518,-0.0685949,17.4763
0.95,0.671048,-0.0674212,17.6244
0.951,0.676916,-0.0662474,17.7725
0.952,0.682784,-0.0650735,17.9206
0.953,0.688652,-0.0638997,18.0687
0.954,0.694705,-0.0626775,18.242
0.955,0.700786,-0.0614484,18.4189
0.956,0.706866,-0.0602193,18.5958
0.957,0.712947,-0.0589901,18.7727
0.958,0.719027,-0.0577609,18.9497
0.959,0.725107,-0.0565318,19.1266
0.96,0.731187,-0.0553027,19.3035
0.961,0.737281,-0.0540701,19.4831
0.962,0.743577,-0.0527867,19.7018
0.963,0.749872,-0.0515033,19.9205
0.964,0.756168,-0.0502199,20.1392
0.965,0.762463,-0.0489366,20.3579
0.966,0.768759,-0.0476531,20.5766
0.967,0.775054,-0.0463697,20.7953
0.968,0.78135,-0.0450863,21.014
0.969,0.7877,-0.0437897,21.249
0.97,0.794213,-0.0424533,21.5333
0.971,0.800726,-0.0411169,21.8176
0.972,0.80724,-0.0397806,22.1019
0.973,0.813753,-0.0384442,22.3861
0.974,0.820266,-0.0371079,22.6704
0.975,0.826779,-0.0357714,22.9547
0.976,0.833293,-0.0344351,23.2389
0.977,0.839902,-0.0330762,23.5757
0.978,0.846635,-0.0316883,23.9801
0.979,0.853369,-0.0303005,24.3845
0.98,0.860102,-0.0289125,24.7888
0.981,0.866836,-0.0275246,25.1932
0.982,0.873569,-0.0261368,25.5975
0.983,0.880302,-0.0247489,26.0019
0.984,0.887036,-0.0233609,26.4063
0.985,0.893908,-0.0219419,26.9811
0.986,0.900864,-0.0205042,27.6583
0.987,0.90782,-0.0190664,28.3355
0.988,0.914776,-0.0176287,29.0126
0.989,0.921732,-0.0161908,29.6898
0.99,0.928688,-0.0147531,30.367
0.991,0.935643,-0.0133153,31.0442
0.992,0.942599,-0.0118776,31.7213
0.993,0.949737,-0.0104008,32.4179
0.994,0.956918,-0.00891491,33.119
0.995,0.964098,-0.00742911,33.8201
0.996,0.971278,-0.0059433,34.5212
0.997,0.978459,-0.0044575,35.2223
0.998,0.985639,-0.00297161,35.9234
0.999,0.99282,-0.0014858,36.6245
1,1,0,37.3256
