"arc_length","u","v","p"
0,0,0,-0.324522
0.001,-0.000680451,0.00153959,-0.321668
0.002,-0.0013609,0.00307918,-0.318814
0.003,-0.00204135,0.00461877,-0.31596
0.004,-0.0027218,0.00615836,-0.313106
0.005,-0.00340225,0.00769795,-0.310251
0.006,-0.0040827,0.00923754,-0.307397
0.007,-0.00476315,0.0107771,-0.304543
0.008,-0.0054436,0.0123167,-0.301689
0.009,-0.00612405,0.0138563,-0.298834
0.01,-0.00680451,0.0153959,-0.29598
0.011,-0.00748496,0.0169355,-0.293126
0.012,-0.00816541,0.0184751,-0.290272
0.013,-0.00884586,0.0200147,-0.287418
0.014,-0.00952631,0.0215543,-0.284563
0.015,-0.0102068,0.0230938,-0.281709
0.016,-0.0108872,0.0246334,-0.278855
0.017,-0.0115677,0.026173,-0.276001
0.018,-0.0122481,0.0277126,-0.273146
0.019,-0.0129286,0.0292522,-0.270292
0.02,-0.013609,0.0307918,-0.267438
0.021,-0.0142895,0.0323314,-0.264584
0.022,-0.0149699,0.033871,-0.26173
0.023,-0.0156504,0.0354106,-0.258875
0.024,-0.0163308,0.0369502,-0.256021
0.025,-0.0170113,0.0384897,-0.253167
0.026,-0.0176917,0.0400293,-0.250313
0.027,-0.0183722,0.0415689,-0.247458
0.028,-0.0190526,0.0431085,-0.244604
0.029,-0.0197331,0.0446481,-0.24175
0.03,-0.0204135,0.0461877,-0.238896
0.031,-0.021094,0.0477273,-0.236042
0.032,-0.0217171,0.0490283,-0.233269
0.033,-0.0223211,0.0502498,-0.230523
0.034,-0.0229251,0.0514713,-0.227777
0.035,-0.0235291,0.0526928,-0.225031
0.036,-0.0241331,0.0539143,-0.222285
0.037,-0.0247371,0.0551358,-0.21954
0.038,-0.0253412,0.0563573,-0.216794
0.039,-0.0259452,0.0575788,-0.214048
0.04,-0.0265492,0.0588003,-0.211302
0.041,-0.0271532,0.0600218,-0.208556
0.042,-0.0277572,0.0612433,-0.205811
0.043,-0.0283612,0.0624648,-0.203065
0.044,-0.0289652,0.0636863,-0.200319
0.045,-0.0295692,0.0649078,-0.197573
0.046,-0.0301732,0.0661293,-0.194827
0.047,-0.0307773,0.0673508,-0.192082
0.048,-0.0313813,0.0685723,-0.189336
0.049,-0.0319853,0.0697938,-0.18659
0.05,-0.0325893,0.0710153,-0.183844
0.051,-0.0331933,0.0722368,-0.181098
0.052,-0.0337973,0.0734583,-0.178353
0.053,-0.0344013,0.0746798,-0.175607
0.054,-0.0350053,0.0759013,-0.172861
0.055,-0.0356094,0.0771228,-0.170115
0.056,-0.0362134,0.0783443,-0.167369
0.057,-0.0368174,0.0795658,-0.164624
0.058,-0.0374214,0.0807873,-0.161878
0.059,-0.0380254,0.0820088,-0.159132
0.06,-0.0386294,0.0832303,-0.156386
0.061,-0.0392334,0.0844518,-0.15364
0.062,-0.0398374,0.0856733,-0.150895
0.063,-0.0404154,0.0867535,-0.148785
0.064,-0.0409673,0.0876923,-0.147312
0.065,-0.0415193,0.0886311,-0.145839
0.066,-0.0420712,0.08957,-0.144366
0.067,-0.0426231,0.0905088,-0.142893
0.068,-0.0431751,0.0914477,-0.14142
0.069,-0.043727,0.0923865,-0.139946
0.07,-0.0442789,0.0933254,-0.138473
0.071,-0.0448309,0.0942642,-0.137
0.072,-0.0453828,0.095203,-0.135527
0.073,-0.0459348,0.0961419,-0.134054
0.074,-0.0464867,0.0970807,-0.132581
0.075,-0.0470386,0.0980196,-0.131108
0.076,-0.0475906,0.0989584,-0.129634
0.077,-0.0481425,0.0998973,-0.128161
0.078,-0.0486944,0.100836,-0.126688
0.079,-0.0492464,0.101775,-0.125215
0.08,-0.0497983,0.102714,-0.123742
0.081,-0.0503502,0.103653,-0.122269
0.082,-0.0509022,0.104591,-0.120796
0.083,-0.0514541,0.10553,-0.119323
0.084,-0.052006,0.106469,-0.117849
0.085,-0.052558,0.107408,-0.116376
0.086,-0.0531099,0.108347,-0.114903
0.087,-0.0536618,0.109286,-0.11343
0.088,-0.0542138,0.110225,-0.111957
0.089,-0.0547657,0.111163,-0.110484
0.09,-0.0553176,0.112102,-0.109011
0.091,-0.0558696,0.113041,-0.107538
0.092,-0.0564215,0.11398,-0.106064
0.093,-0.0569734,0.114919,-0.104591
0.094,-0.0575171,0.115797,-0.103248
0.095,-0.0580357,0.116492,-0.102296
0.096,-0.0585543,0.117187,-0.101343
0.097,-0.059073,0.117882,-0.10039
0.098,-0.0595916,0.118577,-0.0994377
0.099,-0.0601103,0.119272,-0.0984851
0.1,-0.0606289,0.119966,-0.0975324
0.101,-0.0611475,0.120661,-0.0965798
0.102,-0.0616662,0.121356,-0.0956271
0.103,-0.0621848,0.122051,-0.0946744
0.104,-0.0627035,0.122746,-0.0937218
0.105,-0.0632221,0.123441,-0.0927691
0.106,-0.0637407,0.124136,-0.0918165
0.107,-0.0642594,0.124831,-0.0908638
0.108,-0.064778,0.125526,-0.0899112
0.109,-0.0652967,0.126221,-0.0889585
0.11,-0.0658153,0.126916,-0.0880059
0.111,-0.0663339,0.127611,-0.0870532
0.112,-0.0668526,0.128306,-0.0861005
0.113,-0.0673712,0.129001,-0.0851479
0.114,-0.0678899,0.129696,-0.0841952
0.115,-0.0684085,0.130391,-0.0832426
0.116,-0.0689271,0.131086,-0.0822899
0.117,-0.0694458,0.131781,-0.0813373
0.118,-0.0699644,0.132476,-0.0803846
0.119,-0.0704831,0.133171,-0.079432
0.12,-0.0710017,0.133866,-0.0784793
0.121,-0.0715203,0.134561,-0.0775267
0.122,-0.072039,0.135256,-0.076574
0.123,-0.0725576,0.135951,-0.0756213
0.124,-0.0730763,0.136646,-0.0746687
0.125,-0.0735949,0.137341,-0.073716
0.126,-0.0740942,0.13783,-0.0730493
0.127,-0.0745935,0.138318,-0.0723825
0.128,-0.0750928,0.138807,-0.0717157
0.129,-0.0755921,0.139296,-0.0710489
0.13,-0.0760915,0.139785,-0.0703822
0.131,-0.0765908,0.140273,-0.0697154
0.132,-0.0770901,0.140762,-0.0690486
0.133,-0.0775894,0.141251,-0.0683818
0.134,-0.0780887,0.14174,-0.0677151
0.135,-0.078588,0.142228,-0.0670483
0.136,-0.0790873,0.142717,-0.0663815
0.137,-0.0795866,0.143206,-0.0657147
0.138,-0.080086,0.143695,-0.065048
0.139,-0.0805853,0.144183,-0.0643812
0.14,-0.0810846,0.144672,-0.0637144
0.141,-0.0815839,0.145161,-0.0630476
0.142,-0.0820832,0.145649,-0.0623809
0.143,-0.0825825,0.146138,-0.0617141
0.144,-0.0830818,0.146627,-0.0610473
0.145,-0.0835811,0.147116,-0.0603805
0.146,-0.0840805,0.147604,-0.0597138
0.147,-0.0845798,0.148093,-0.059047
0.148,-0.0850791,0.148582,-0.0583802
0.149,-0.0855784,0.149071,-0.0577134
0.15,-0.0860777,0.149559,-0.0570467
0.151,-0.086577,0.150048,-0.0563799
0.152,-0.0870763,0.150537,-0.0557131
0.153,-0.0875757,0.151026,-0.0550463
0.154,-0.088075,0.151514,-0.0543796
0.155,-0.0885743,0.152003,-0.0537128
0.156,-0.0890736,0.152492,-0.053046
0.157,-0.0895655,0.152851,-0.0525238
0.158,-0.090055,0.153167,-0.0520496
0.159,-0.0905445,0.153483,-0.0515755
0.16,-0.091034,0.153799,-0.0511014
0.161,-0.0915235,0.154115,-0.0506273
0.162,-0.0920129,0.154431,-0.0501532
0.163,-0.0925024,0.154747,-0.0496791
0.164,-0.0929919,0.155062,-0.049205
0.165,-0.0934814,0.155378,-0.0487309
0.166,-0.0939709,0.155694,-0.0482568
0.167,-0.0944603,0.15601,-0.0477827
0.168,-0.0949498,0.156326,-0.0473086
0.169,-0.0954393,0.156642,-0.0468345
0.17,-0.0959288,0.156958,-0.0463604
0.171,-0.0964183,0.157274,-0.0458863
0.172,-0.0969077,0.15759,-0.0454122
0.173,-0.0973972,0.157906,-0.0449381
0.174,-0.0978867,0.158222,-0.044464
0.175,-0.0983762,0.158538,-0.0439899
0.176,-0.0988657,0.158854,-0.0435158
0.177,-0.0993551,0.15917,-0.0430417
0.178,-0.0998446,0.159486,-0.0425676
0.179,-0.100334,0.159802,-0.0420935
0.18,-0.100824,0.160117,-0.0416194
0.181,-0.101313,0.160433,-0.0411453
0.182,-0.101803,0.160749,-0.0406712
0.183,-0.102292,0.161065,-0.0401971
0.184,-0.102782,0.161381,-0.039723
0.185,-0.103271,0.161697,-0.0392489
0.186,-0.10376,0.162013,-0.0387748
0.187,-0.10425,0.162329,-0.0383006
0.188,-0.104737,0.162572,-0.0379007
0.189,-0.105222,0.162742,-0.037575
0.19,-0.105706,0.162913,-0.0372492
0.191,-0.106191,0.163083,-0.0369235
0.192,-0.106675,0.163253,-0.0365977
0.193,-0.10716,0.163423,-0.036272
0.194,-0.107645,0.163594,-0.0359462
0.195,-0.108129,0.163764,-0.0356205
0.196,-0.108614,0.163934,-0.0352947
0.197,-0.109099,0.164104,-0.0349689
0.198,-0.109583,0.164275,-0.0346432
0.199,-0.110068,0.164445,-0.0343174
0.2,-0.110552,0.164615,-0.0339917
0.201,-0.111037,0.164785,-0.0336659
0.202,-0.111522,0.164956,-0.0333402
0.203,-0.112006,0.165126,-0.0330144
0.204,-0.112491,0.165296,-0.0326887
0.205,-0.112976,0.165466,-0.0323629
0.206,-0.11346,0.165636,-0.0320372
0.207,-0.113945,0.165807,-0.0317114
0.208,-0.114429,0.165977,-0.0313857
0.209,-0.114914,0.166147,-0.0310599
0.21,-0.115399,0.166317,-0.0307342
0.211,-0.115883,0.166488,-0.0304084
0.212,-0.116368,0.166658,-0.0300826
0.213,-0.116853,0.166828,-0.0297569
0.214,-0.117337,0.166998,-0.0294311
0.215,-0.117822,0.167169,-0.0291054
0.216,-0.118306,0.167339,-0.0287796
0.217,-0.118791,0.167509,-0.0284539
0.218,-0.119276,0.167679,-0.0281281
0.219,-0.119759,0.167818,-0.0278338
0.22,-0.120239,0.167863,-0.0276339
0.221,-0.120719,0.167907,-0.027434
0.222,-0.121199,0.167952,-0.0272341
0.223,-0.121679,0.167996,-0.0270342
0.224,-0.122159,0.168041,-0.0268343
0.225,-0.122638,0.168085,-0.0266344
0.226,-0.123118,0.16813,-0.0264345
0.227,-0.123598,0.168174,-0.0262346
0.228,-0.124078,0.168219,-0.0260347
0.229,-0.124558,0.168263,-0.0258348
0.23,-0.125038,0.168308,-0.0256349
0.231,-0.125518,0.168352,-0.025435
0.232,-0.125998,0.168397,-0.0252351
0.233,-0.126478,0.168441,-0.0250352
0.234,-0.126957,0.168486,-0.0248353
0.235,-0.127437,0.16853,-0.0246354
0.236,-0.127917,0.168575,-0.0244355
0.237,-0.128397,0.168619,-0.0242356
0.238,-0.128877,0.168664,-0.0240357
0.239,-0.129357,0.168708,-0.0238358
0.24,-0.129837,0.168753,-0.0236359
0.241,-0.130317,0.168797,-0.023436
0.242,-0.130797,0.168842,-0.0232361
0.243,-0.131277,0.168886,-0.0230362
0.244,-0.131756,0.168931,-0.0228363
0.245,-0.132236,0.168975,-0.0226363
0.246,-0.132716,0.16902,-0.0224364
0.247,-0.133196,0.169064,-0.0222365
0.248,-0.133676,0.169109,-0.0220366
0.249,-0.134156,0.169153,-0.0218367
0.25,-0.134636,0.169198,-0.0216368
0.251,-0.135106,0.16913,-0.0215469
0.252,-0.135576,0.169062,-0.0214569
0.253,-0.136046,0.168994,-0.0213669
0.254,-0.136516,0.168925,-0.0212769
0.255,-0.136986,0.168857,-0.021187
0.256,-0.137456,0.168789,-0.021097
0.257,-0.137926,0.168721,-0.021007
0.258,-0.138396,0.168653,-0.0209171
0.259,-0.138866,0.168585,-0.0208271
0.26,-0.139337,0.168517,-0.0207371
0.261,-0.139807,0.168448,-0.0206472
0.262,-0.140277,0.16838,-0.0205572
0.263,-0.140747,0.168312,-0.0204672
0.264,-0.141217,0.168244,-0.0203772
0.265,-0.141687,0.168176,-0.0202873
0.266,-0.142157,0.168108,-0.0201973
0.267,-0.142627,0.16804,-0.0201073
0.268,-0.143097,0.167971,-0.0200174
0.269,-0.143567,0.167903,-0.0199274
0.27,-0.144037,0.167835,-0.0198374
0.271,-0.144507,0.167767,-0.0197475
0.272,-0.144977,0.167699,-0.0196575
0.273,-0.145447,0.167631,-0.0195675
0.274,-0.145918,0.167563,-0.0194775
0.275,-0.146388,0.167495,-0.0193876
0.276,-0.146858,0.167426,-0.0192976
0.277,-0.147328,0.167358,-0.0192076
0.278,-0.147798,0.16729,-0.0191177
0.279,-0.148268,0.167222,-0.0190277
0.28,-0.148738,0.167154,-0.0189377
0.281,-0.149208,0.167086,-0.0188478
0.282,-0.149663,0.166938,-0.0188293
0.283,-0.150112,0.166765,-0.0188346
0.284,-0.150562,0.166591,-0.0188399
0.285,-0.151012,0.166417,-0.0188452
0.286,-0.151461,0.166244,-0.0188506
0.287,-0.151911,0.16607,-0.0188559
0.288,-0.152361,0.165896,-0.0188612
0.289,-0.15281,0.165722,-0.0188665
0.29,-0.15326,0.165549,-0.0188718
0.291,-0.153709,0.165375,-0.0188772
0.292,-0.154159,0.165201,-0.0188825
0.293,-0.154609,0.165028,-0.0188878
0.294,-0.155058,0.164854,-0.0188931
0.295,-0.155508,0.16468,-0.0188985
0.296,-0.155958,0.164507,-0.0189038
0.297,-0.156407,0.164333,-0.0189091
0.298,-0.156857,0.164159,-0.0189144
0.299,-0.157306,0.163985,-0.0189198
0.3,-0.157756,0.163812,-0.0189251
0.301,-0.158206,0.163638,-0.0189304
0.302,-0.158655,0.163464,-0.0189357
0.303,-0.159105,0.163291,-0.0189411
0.304,-0.159555,0.163117,-0.0189464
0.305,-0.160004,0.162943,-0.0189517
0.306,-0.160454,0.162769,-0.018957
0.307,-0.160903,0.162596,-0.0189623
0.308,-0.161353,0.162422,-0.0189677
0.309,-0.161803,0.162248,-0.018973
0.31,-0.162252,0.162075,-0.0189783
0.311,-0.162702,0.161901,-0.0189836
0.312,-0.163152,0.161727,-0.018989
0.313,-0.163583,0.161502,-0.0190346
0.314,-0.163996,0.161225,-0.0191205
0.315,-0.164409,0.160948,-0.0192064
0.316,-0.164822,0.160671,-0.0192923
0.317,-0.165235,0.160394,-0.0193782
0.318,-0.165648,0.160117,-0.0194641
0.319,-0.166061,0.15984,-0.01955
0.32,-0.166474,0.159563,-0.0196358
0.321,-0.166887,0.159286,-0.0197217
0.322,-0.1673,0.159009,-0.0198076
0.323,-0.167713,0.158732,-0.0198935
0.324,-0.168126,0.158456,-0.0199794
0.325,-0.168539,0.158179,-0.0200653
0.326,-0.168952,0.157902,-0.0201512
0.327,-0.169365,0.157625,-0.0202371
0.328,-0.169778,0.157348,-0.020323
0.329,-0.170191,0.157071,-0.0204089
0.33,-0.170604,0.156794,-0.0204948
0.331,-0.171017,0.156517,-0.0205807
0.332,-0.17143,0.15624,-0.0206666
0.333,-0.171843,0.155963,-0.0207525
0.334,-0.172256,0.155686,-0.0208384
0.335,-0.172669,0.155409,-0.0209243
0.336,-0.173081,0.155132,-0.0210102
0.337,-0.173494,0.154855,-0.0210961
0.338,-0.173907,0.154578,-0.021182
0.339,-0.17432,0.154301,-0.0212679
0.34,-0.174733,0.154024,-0.0213538
0.341,-0.175146,0.153747,-0.0214396
0.342,-0.175559,0.153471,-0.0215255
0.343,-0.175972,0.153194,-0.0216114
0.344,-0.176371,0.15289,-0.0217136
0.345,-0.176726,0.152509,-0.0218646
0.346,-0.177081,0.152127,-0.0220155
0.347,-0.177436,0.151746,-0.0221665
0.348,-0.177791,0.151364,-0.0223175
0.349,-0.178146,0.150982,-0.0224685
0.35,-0.178502,0.150601,-0.0226194
0.351,-0.178857,0.150219,-0.0227704
0.352,-0.179212,0.149838,-0.0229214
0.353,-0.179567,0.149456,-0.0230723
0.354,-0.179922,0.149074,-0.0232233
0.355,-0.180277,0.148693,-0.0233743
0.356,-0.180632,0.148311,-0.0235253
0.357,-0.180987,0.147929,-0.0236762
0.358,-0.181342,0.147548,-0.0238272
0.359,-0.181697,0.147166,-0.0239782
0.36,-0.182053,0.146785,-0.0241291
0.361,-0.182408,0.146403,-0.0242801
0.362,-0.182763,0.146021,-0.0244311
0.363,-0.183118,0.14564,-0.0245821
0.364,-0.183473,0.145258,-0.024733
0.365,-0.183828,0.144876,-0.024884
0.366,-0.184183,0.144495,-0.025035
0.367,-0.184538,0.144113,-0.0251859
0.368,-0.184893,0.143732,-0.0253369
0.369,-0.185249,0.14335,-0.0254879
0.37,-0.185604,0.142968,-0.0256389
0.371,-0.185959,0.142587,-0.0257898
0.372,-0.186314,0.142205,-0.0259408
0.373,-0.186669,0.141823,-0.0260918
0.374,-0.187024,0.141442,-0.0262427
0.375,-0.187379,0.14106,-0.0263937
0.376,-0.187651,0.140571,-0.0265924
0.377,-0.187923,0.140082,-0.0267912
0.378,-0.188196,0.139593,-0.0269899
0.379,-0.188468,0.139104,-0.0271887
0.38,-0.18874,0.138615,-0.0273874
0.381,-0.189012,0.138126,-0.0275862
0.382,-0.189284,0.137637,-0.0277849
0.383,-0.189556,0.137148,-0.0279836
0.384,-0.189828,0.136658,-0.0281824
0.385,-0.1901,0.136169,-0.0283811
0.386,-0.190373,0.13568,-0.0285799
0.387,-0.190645,0.135191,-0.0287786
0.388,-0.190917,0.134702,-0.0289774
0.389,-0.191189,0.134213,-0.0291761
0.39,-0.191461,0.133724,-0.0293748
0.391,-0.191733,0.133235,-0.0295736
0.392,-0.192005,0.132746,-0.0297723
0.393,-0.192277,0.132257,-0.0299711
0.394,-0.19255,0.131768,-0.0301698
0.395,-0.192822,0.131279,-0.0303686
0.396,-0.193094,0.130789,-0.0305673
0.397,-0.193366,0.1303,-0.030766
0.398,-0.193638,0.129811,-0.0309648
0.399,-0.19391,0.129322,-0.0311635
0.4,-0.194182,0.128833,-0.0313623
0.401,-0.194454,0.128344,-0.031561
0.402,-0.194726,0.127855,-0.0317597
0.403,-0.194999,0.127366,-0.0319585
0.404,-0.195271,0.126877,-0.0321572
0.405,-0.195543,0.126388,-0.032356
0.406,-0.195815,0.125899,-0.0325547
0.407,-0.196005,0.125326,-0.0327748
0.408,-0.196167,0.124726,-0.033002
0.409,-0.196329,0.124126,-0.0332293
0.41,-0.196491,0.123526,-0.0334565
0.411,-0.196653,0.122925,-0.0336837
0.412,-0.196815,0.122325,-0.0339109
0.413,-0.196977,0.121725,-0.0341381
0.414,-0.19714,0.121125,-0.0343653
0.415,-0.197302,0.120525,-0.0345926
0.416,-0.197464,0.119924,-0.0348198
0.417,-0.197626,0.119324,-0.035047
0.418,-0.197788,0.118724,-0.0352742
0.419,-0.19795,0.118124,-0.0355014
0.42,-0.198112,0.117524,-0.0357286
0.421,-0.198275,0.116924,-0.0359559
0.422,-0.198437,0.116323,-0.0361831
0.423,-0.198599,0.115723,-0.0364103
0.424,-0.198761,0.115123,-0.0366375
0.425,-0.198923,0.114523,-0.0368647
0.426,-0.199085,0.113923,-0.037092
0.427,-0.199247,0.113322,-0.0373192
0.428,-0.199409,0.112722,-0.0375464
0.429,-0.199572,0.112122,-0.0377736
0.43,-0.199734,0.111522,-0.0380008
0.431,-0.199896,0.110922,-0.038228
0.432,-0.200058,0.110321,-0.0384553
0.433,-0.20022,0.109721,-0.0386825
0.434,-0.200382,0.109121,-0.0389097
0.435,-0.200544,0.108521,-0.0391369
0.436,-0.200707,0.107921,-0.0393641
0.437,-0.200869,0.10732,-0.0395914
0.438,-0.200963,0.106663,-0.039822
0.439,-0.200989,0.105948,-0.0400562
0.44,-0.201014,0.105233,-0.0402903
0.441,-0.20104,0.104517,-0.0405244
0.442,-0.201066,0.103802,-0.0407585
0.443,-0.201092,0.103087,-0.0409927
0.444,-0.201118,0.102372,-0.0412268
0.445,-0.201144,0.101657,-0.0414609
0.446,-0.20117,0.100942,-0.0416951
0.447,-0.201196,0.100227,-0.0419292
0.448,-0.201221,0.0995118,-0.0421633
0.449,-0.201247,0.0987967,-0.0423974
0.45,-0.201273,0.0980816,-0.0426316
0.451,-0.201299,0.0973665,-0.0428657
0.452,-0.201325,0.0966514,-0.0430998
0.453,-0.201351,0.0959363,-0.043334
0.454,-0.201377,0.0952212,-0.0435681
0.455,-0.201402,0.0945061,-0.0438022
0.456,-0.201428,0.093791,-0.0440364
0.457,-0.201454,0.093076,-0.0442705
0.458,-0.20148,0.0923608,-0.0445046
0.459,-0.201506,0.0916458,-0.0447387
0.46,-0.201532,0.0909306,-0.0449729
0.461,-0.201558,0.0902156,-0.045207
0.462,-0.201584,0.0895005,-0.0454411
0.463,-0.201609,0.0887854,-0.0456753
0.464,-0.201635,0.0880703,-0.0459094
0.465,-0.201661,0.0873552,-0.0461435
0.466,-0.201687,0.0866401,-0.0463776
0.467,-0.201713,0.085925,-0.0466118
0.468,-0.201739,0.0852099,-0.0468459
0.469,-0.201725,0.0844657,-0.0470758
0.47,-0.201592,0.0836343,-0.047293
0.471,-0.201459,0.0828028,-0.0475102
0.472,-0.201326,0.0819714,-0.0477273
0.473,-0.201193,0.0811399,-0.0479445
0.474,-0.20106,0.0803085,-0.0481617
0.475,-0.200927,0.0794771,-0.0483789
0.476,-0.200794,0.0786456,-0.0485961
0.477,-0.200661,0.0778142,-0.0488132
0.478,-0.200528,0.0769827,-0.0490304
0.479,-0.200395,0.0761513,-0.0492476
0.48,-0.200262,0.0753198,-0.0494648
0.481,-0.200129,0.0744884,-0.049682
0.482,-0.199996,0.073657,-0.0498991
0.483,-0.199863,0.0728255,-0.0501163
0.484,-0.19973,0.0719941,-0.0503335
0.485,-0.199597,0.0711626,-0.0505507
0.486,-0.199464,0.0703312,-0.0507679
0.487,-0.199331,0.0694997,-0.050985
0.488,-0.199198,0.0686683,-0.0512022
0.489,-0.199065,0.0678369,-0.0514194
0.49,-0.198932,0.0670054,-0.0516366
0.491,-0.198799,0.066174,-0.0518538
0.492,-0.198666,0.0653425,-0.0520709
0.493,-0.198533,0.0645111,-0.0522881
0.494,-0.1984,0.0636797,-0.0525053
0.495,-0.198267,0.0628482,-0.0527225
0.496,-0.198134,0.0620168,-0.0529397
0.497,-0.198001,0.0611853,-0.0531568
0.498,-0.197868,0.0603539,-0.053374
0.499,-0.197735,0.0595224,-0.0535912
0.5,-0.197602,0.058691,-0.0538084
0.501,-0.197294,0.0577452,-0.0539825
0.502,-0.196986,0.0567995,-0.0541566
0.503,-0.196678,0.0558537,-0.0543307
0.504,-0.19637,0.054908,-0.0545048
0.505,-0.196061,0.0539622,-0.0546789
0.506,-0.195753,0.0530165,-0.054853
0.507,-0.195445,0.0520707,-0.0550272
0.508,-0.195137,0.0511249,-0.0552013
0.509,-0.194829,0.0501792,-0.0553754
0.51,-0.194521,0.0492335,-0.0555495
0.511,-0.194213,0.0482877,-0.0557236
0.512,-0.193905,0.0473419,-0.0558977
0.513,-0.193597,0.0463962,-0.0560718
0.514,-0.193289,0.0454504,-0.0562459
0.515,-0.192981,0.0445047,-0.0564201
0.516,-0.192673,0.043559,-0.0565942
0.517,-0.192364,0.0426132,-0.0567683
0.518,-0.192056,0.0416674,-0.0569424
0.519,-0.191748,0.0407217,-0.0571165
0.52,-0.19144,0.039776,-0.0572906
0.521,-0.191132,0.0388302,-0.0574647
0.522,-0.190824,0.0378844,-0.0576388
0.523,-0.190516,0.0369387,-0.057813
0.524,-0.190208,0.0359929,-0.0579871
0.525,-0.1899,0.0350472,-0.0581612
0.526,-0.189592,0.0341014,-0.0583353
0.527,-0.189284,0.0331557,-0.0585094
0.528,-0.188975,0.0322099,-0.0586835
0.529,-0.188667,0.0312642,-0.0588576
0.53,-0.188359,0.0303184,-0.0590317
0.531,-0.188051,0.0293726,-0.0592059
0.532,-0.187606,0.0283468,-0.0593264
0.533,-0.187116,0.0272943,-0.0594291
0.534,-0.186625,0.0262418,-0.0595318
0.535,-0.186135,0.0251892,-0.0596345
0.536,-0.185644,0.0241367,-0.0597372
0.537,-0.185154,0.0230841,-0.0598399
0.538,-0.184663,0.0220316,-0.0599426
0.539,-0.184172,0.0209791,-0.0600453
0.54,-0.183682,0.0199265,-0.060148
0.541,-0.183191,0.018874,-0.0602507
0.542,-0.182701,0.0178215,-0.0603534
0.543,-0.18221,0.0167689,-0.0604561
0.544,-0.18172,0.0157164,-0.0605588
0.545,-0.181229,0.0146638,-0.0606615
0.546,-0.180739,0.0136113,-0.0607642
0.547,-0.180248,0.0125588,-0.0608669
0.548,-0.179757,0.0115063,-0.0609696
0.549,-0.179267,0.0104537,-0.0610723
0.55,-0.178776,0.00940116,-0.061175
0.551,-0.178286,0.00834864,-0.0612777
0.552,-0.177795,0.00729612,-0.0613804
0.553,-0.177305,0.00624359,-0.0614831
0.554,-0.176814,0.00519101,-0.0615858
0.555,-0.176324,0.00413849,-0.0616885
0.556,-0.175833,0.00308597,-0.0617912
0.557,-0.175343,0.00203344,-0.0618939
0.558,-0.174852,0.000980858,-0.0619966
0.559,-0.174361,-7.16638e-05,-0.0620993
0.56,-0.173871,-0.00112419,-0.062202
0.561,-0.17338,-0.00217671,-0.0623047
0.562,-0.17289,-0.00322923,-0.0624074
0.563,-0.172309,-0.00432761,-0.0624591
0.564,-0.171638,-0.00547173,-0.0624599
0.565,-0.170967,-0.00661585,-0.0624607
0.566,-0.170297,-0.00775996,-0.0624614
0.567,-0.169626,-0.00890408,-0.0624622
0.568,-0.168955,-0.0100483,-0.062463
0.569,-0.168284,-0.0111924,-0.0624637
0.57,-0.167613,-0.0123365,-0.0624645
0.571,-0.166943,-0.0134806,-0.0624653
0.572,-0.166272,-0.0146248,-0.062466
0.573,-0.165601,-0.0157689,-0.0624668
0.574,-0.16493,-0.016913,-0.0624676
0.575,-0.164259,-0.0180571,-0.0624684
0.576,-0.163589,-0.0192013,-0.0624691
0.577,-0.162918,-0.0203454,-0.0624699
0.578,-0.162247,-0.0214896,-0.0624707
0.579,-0.161576,-0.0226337,-0.0624714
0.58,-0.160905,-0.0237778,-0.0624722
0.581,-0.160235,-0.0249219,-0.062473
0.582,-0.159564,-0.0260661,-0.0624737
0.583,-0.158893,-0.0272102,-0.0624745
0.584,-0.158222,-0.0283543,-0.0624753
0.585,-0.157551,-0.0294984,-0.062476
0.586,-0.15688,-0.0306426,-0.0624768
0.587,-0.15621,-0.0317867,-0.0624776
0.588,-0.155539,-0.0329308,-0.0624783
0.589,-0.154868,-0.034075,-0.0624791
0.59,-0.154197,-0.0352191,-0.0624799
0.591,-0.153526,-0.0363633,-0.0624806
0.592,-0.152856,-0.0375074,-0.0624814
0.593,-0.152185,-0.0386515,-0.0624822
0.594,-0.151472,-0.039812,-0.0624493
0.595,-0.150632,-0.0410219,-0.0623155
0.596,-0.149792,-0.0422317,-0.0621818
0.597,-0.148952,-0.0434416,-0.062048
0.598,-0.148112,-0.0446514,-0.0619143
0.599,-0.147272,-0.0458612,-0.0617805
0.6,-0.146431,-0.0470711,-0.0616467
0.601,-0.145591,-0.0482809,-0.061513
0.602,-0.144751,-0.0494907,-0.0613792
0.603,-0.143911,-0.0507006,-0.0612454
0.604,-0.143071,-0.0519104,-0.0611117
0.605,-0.142231,-0.0531203,-0.0609779
0.606,-0.141391,-0.0543301,-0.0608441
0.607,-0.140551,-0.0555399,-0.0607104
0.608,-0.139711,-0.0567497,-0.0605766
0.609,-0.138871,-0.0579596,-0.0604428
0.61,-0.138031,-0.0591694,-0.060309
0.611,-0.137191,-0.0603793,-0.0601753
0.612,-0.136351,-0.0615891,-0.0600415
0.613,-0.135511,-0.0627989,-0.0599078
0.614,-0.134671,-0.0640088,-0.059774
0.615,-0.133831,-0.0652186,-0.0596402
0.616,-0.132991,-0.0664284,-0.0595065
0.617,-0.132151,-0.0676383,-0.0593727
0.618,-0.131311,-0.0688481,-0.0592389
0.619,-0.130471,-0.070058,-0.0591052
0.62,-0.129631,-0.0712678,-0.0589714
0.621,-0.128791,-0.0724776,-0.0588376
0.622,-0.127951,-0.0736874,-0.0587039
0.623,-0.12711,-0.0748973,-0.0585701
0.624,-0.12627,-0.0761072,-0.0584363
0.625,-0.12543,-0.077317,-0.0583026
0.626,-0.124438,-0.0785531,-0.0579997
0.627,-0.123445,-0.0797892,-0.0576969
0.628,-0.122453,-0.0810253,-0.0573941
0.629,-0.12146,-0.0822614,-0.0570913
0.63,-0.120468,-0.0834975,-0.0567885
0.631,-0.119475,-0.0847336,-0.0564857
0.632,-0.118483,-0.0859698,-0.0561829
0.633,-0.11749,-0.0872058,-0.0558801
0.634,-0.116498,-0.0884419,-0.0555773
0.635,-0.115505,-0.089678,-0.0552745
0.636,-0.114513,-0.0909141,-0.0549717
0.637,-0.11352,-0.0921503,-0.0546688
0.638,-0.112528,-0.0933864,-0.054366
0.639,-0.111535,-0.0946225,-0.0540632
0.64,-0.110543,-0.0958586,-0.0537604
0.641,-0.10955,-0.0970946,-0.0534576
0.642,-0.108558,-0.0983308,-0.0531548
0.643,-0.107565,-0.0995669,-0.052852
0.644,-0.106573,-0.100803,-0.0525492
0.645,-0.10558,-0.102039,-0.0522464
0.646,-0.104587,-0.103275,-0.0519435
0.647,-0.103595,-0.104511,-0.0516407
0.648,-0.102602,-0.105747,-0.0513379
0.649,-0.10161,-0.106984,-0.0510351
0.65,-0.100617,-0.10822,-0.0507323
0.651,-0.0996248,-0.109456,-0.0504295
0.652,-0.0986323,-0.110692,-0.0501267
0.653,-0.0976398,-0.111928,-0.0498239
0.654,-0.0966473,-0.113164,-0.0495211
0.655,-0.0956548,-0.1144,-0.0492183
0.656,-0.0946622,-0.115636,-0.0489154
0.657,-0.0935688,-0.11685,-0.0484588
0.658,-0.0924417,-0.118056,-0.0479509
0.659,-0.0913146,-0.119262,-0.047443
0.66,-0.0901874,-0.120468,-0.0469351
0.661,-0.0890604,-0.121674,-0.0464272
0.662,-0.0879333,-0.12288,-0.0459193
0.663,-0.0868062,-0.124086,-0.0454114
0.664,-0.0856791,-0.125292,-0.0449035
0.665,-0.0845519,-0.126498,-0.0443956
0.666,-0.0834249,-0.127705,-0.0438877
0.667,-0.0822978,-0.128911,-0.0433798
0.668,-0.0811707,-0.130117,-0.0428719
0.669,-0.0800435,-0.131323,-0.042364
0.67,-0.0789164,-0.132529,-0.0418561
0.671,-0.0777894,-0.133735,-0.0413482
0.672,-0.0766623,-0.134941,-0.0408403
0.673,-0.0755352,-0.136147,-0.0403324
0.674,-0.074408,-0.137353,-0.0398245
0.675,-0.0732809,-0.138559,-0.0393166
0.676,-0.0721539,-0.139765,-0.0388087
0.677,-0.0710268,-0.140971,-0.0383008
0.678,-0.0698997,-0.142177,-0.0377929
0.679,-0.0687725,-0.143384,-0.037285
0.68,-0.0676454,-0.14459,-0.0367771
0.681,-0.0665184,-0.145796,-0.0362692
0.682,-0.0653913,-0.147002,-0.0357613
0.683,-0.0642641,-0.148208,-0.0352534
0.684,-0.063137,-0.149414,-0.0347455
0.685,-0.0620099,-0.15062,-0.0342376
0.686,-0.0608829,-0.151826,-0.0337297
0.687,-0.0597558,-0.153032,-0.0332218
0.688,-0.0585675,-0.154186,-0.0325929
0.689,-0.0573183,-0.155287,-0.0318431
0.69,-0.056069,-0.156388,-0.0310932
0.691,-0.0548197,-0.157489,-0.0303434
0.692,-0.0535704,-0.158591,-0.0295935
0.693,-0.0523211,-0.159692,-0.0288436
0.694,-0.0510718,-0.160793,-0.0280938
0.695,-0.0498226,-0.161894,-0.0273439
0.696,-0.0485733,-0.162996,-0.0265941
0.697,-0.0473239,-0.164097,-0.0258442
0.698,-0.0460747,-0.165198,-0.0250943
0.699,-0.0448254,-0.166299,-0.0243445
0.7,-0.0435761,-0.1674,-0.0235946
0.701,-0.0423269,-0.168502,-0.0228448
0.702,-0.0410775,-0.169603,-0.0220949
0.703,-0.0398282,-0.170704,-0.021345
0.704,-0.038579,-0.171805,-0.0205952
0.705,-0.0373297,-0.172907,-0.0198453
0.706,-0.0360804,-0.174008,-0.0190955
0.707,-0.0348311,-0.175109,-0.0183456
0.708,-0.0335818,-0.17621,-0.0175958
0.709,-0.0323326,-0.177311,-0.0168459
0.71,-0.0310833,-0.178413,-0.0160961
0.711,-0.0298339,-0.179514,-0.0153462
0.712,-0.0285847,-0.180615,-0.0145963
0.713,-0.0273354,-0.181716,-0.0138465
0.714,-0.0260861,-0.182818,-0.0130966
0.715,-0.0248369,-0.183919,-0.0123468
0.716,-0.0235875,-0.18502,-0.0115969
0.717,-0.0223382,-0.186121,-0.010847
0.718,-0.021089,-0.187222,-0.0100972
0.719,-0.019808,-0.188275,-0.00927778
0.72,-0.0184319,-0.189179,-0.00824962
0.721,-0.0170559,-0.190084,-0.00722151
0.722,-0.0156798,-0.190988,-0.00619341
0.723,-0.0143038,-0.191893,-0.00516531
0.724,-0.0129278,-0.192797,-0.00413721
0.725,-0.0115517,-0.193702,-0.00310905
0.726,-0.0101756,-0.194606,-0.00208095
0.727,-0.00879962,-0.195511,-0.00105285
0.728,-0.00742359,-0.196415,-2.47516e-05
0.729,-0.00604756,-0.19732,0.00100335
0.73,-0.00467144,-0.198224,0.00203151
0.731,-0.00329542,-0.199129,0.00305961
0.732,-0.00191939,-0.200033,0.00408771
0.733,-0.000543357,-0.200938,0.00511581
0.734,0.000832755,-0.201842,0.00614397
0.735,0.00220878,-0.202747,0.00717207
0.736,0.00358481,-0.203651,0.00820017
0.737,0.00496084,-0.204556,0.00922827
0.738,0.00633687,-0.20546,0.0102564
0.739,0.00771298,-0.206365,0.0112845
0.74,0.00908901,-0.207269,0.0123126
0.741,0.010465,-0.208174,0.0133407
0.742,0.0118411,-0.209078,0.0143688
0.743,0.0132171,-0.209983,0.0153969
0.744,0.0145932,-0.210887,0.0164251
0.745,0.0159692,-0.211792,0.0174532
0.746,0.0173453,-0.212696,0.0184813
0.747,0.0187213,-0.213601,0.0195094
0.748,0.0200974,-0.214505,0.0205376
0.749,0.0214734,-0.21541,0.0215657
0.75,0.0228495,-0.216314,0.0225938
0.751,0.0243878,-0.216923,0.0239333
0.752,0.0259261,-0.217533,0.0252728
0.753,0.0274645,-0.218142,0.0266125
0.754,0.0290028,-0.218752,0.027952
0.755,0.0305411,-0.219361,0.0292915
0.756,0.0320794,-0.21997,0.0306311
0.757,0.0336178,-0.22058,0.0319707
0.758,0.0351561,-0.221189,0.0333102
0.759,0.0366944,-0.221799,0.0346498
0.76,0.0382327,-0.222408,0.0359893
0.761,0.039771,-0.223017,0.0373289
0.762,0.0413094,-0.223627,0.0386685
0.763,0.0428477,-0.224236,0.040008
0.764,0.0443861,-0.224846,0.0413476
0.765,0.0459244,-0.225455,0.0426871
0.766,0.0474627,-0.226064,0.0440267
0.767,0.0490011,-0.226674,0.0453663
0.768,0.0505394,-0.227283,0.0467058
0.769,0.0520777,-0.227893,0.0480454
0.77,0.053616,-0.228502,0.0493849
0.771,0.0551544,-0.229111,0.0507245
0.772,0.0566927,-0.229721,0.0520641
0.773,0.058231,-0.23033,0.0534036
0.774,0.0597693,-0.23094,0.0547431
0.775,0.0613076,-0.231549,0.0560827
0.776,0.062846,-0.232158,0.0574223
0.777,0.0643843,-0.232768,0.0587618
0.778,0.0659226,-0.233377,0.0601014
0.779,0.0674609,-0.233986,0.0614409
0.78,0.0689993,-0.234596,0.0627805
0.781,0.0705377,-0.235205,0.0641201
0.782,0.0722619,-0.235518,0.0657124
0.783,0.0740482,-0.235732,0.0673889
0.784,0.0758344,-0.235947,0.0690655
0.785,0.0776207,-0.236161,0.0707421
0.786,0.079407,-0.236375,0.0724187
0.787,0.0811932,-0.236589,0.0740953
0.788,0.0829795,-0.236803,0.0757718
0.789,0.0847657,-0.237018,0.0774484
0.79,0.086552,-0.237232,0.079125
0.791,0.0883383,-0.237446,0.0808016
0.792,0.0901245,-0.23766,0.0824781
0.793,0.0919108,-0.237874,0.0841547
0.794,0.0936971,-0.238088,0.0858313
0.795,0.0954833,-0.238303,0.0875079
0.796,0.0972696,-0.238517,0.0891844
0.797,0.0990558,-0.238731,0.090861
0.798,0.100842,-0.238945,0.0925375
0.799,0.102628,-0.239159,0.0942142
0.8,0.104415,-0.239374,0.0958907
0.801,0.106201,-0.239588,0.0975673
0.802,0.107987,-0.239802,0.0992438
0.803,0.109773,-0.240016,0.10092
0.804,0.11156,-0.24023,0.102597
0.805,0.113346,-0.240445,0.104274
0.806,0.115132,-0.240659,0.10595
0.807,0.116918,-0.240873,0.107627
0.808,0.118705,-0.241087,0.109303
0.809,0.120491,-0.241301,0.11098
0.81,0.122277,-0.241515,0.112656
0.811,0.124063,-0.24173,0.114333
0.812,0.12585,-0.241944,0.11601
0.813,0.127843,-0.241921,0.11786
0.814,0.130043,-0.241661,0.119885
0.815,0.132244,-0.241401,0.121909
0.816,0.134444,-0.241141,0.123934
0.817,0.136644,-0.240881,0.125958
0.818,0.138845,-0.240621,0.127983
0.819,0.141045,-0.240361,0.130007
0.82,0.143245,-0.240101,0.132031
0.821,0.145445,-0.23984,0.134056
0.822,0.147646,-0.23958,0.136081
0.823,0.149846,-0.23932,0.138105
0.824,0.152046,-0.23906,0.140129
0.825,0.154247,-0.2388,0.142154
0.826,0.156447,-0.23854,0.144178
0.827,0.158647,-0.23828,0.146203
0.828,0.160848,-0.23802,0.148227
0.829,0.163048,-0.23776,0.150252
0.83,0.165248,-0.2375,0.152276
0.831,0.167448,-0.23724,0.154301
0.832,0.169649,-0.23698,0.156325
0.833,0.171849,-0.23672,0.15835
0.834,0.174049,-0.23646,0.160374
0.835,0.17625,-0.2362,0.162399
0.836,0.17845,-0.23594,0.164423
0.837,0.18065,-0.23568,0.166448
0.838,0.182851,-0.23542,0.168472
0.839,0.185051,-0.23516,0.170497
0.84,0.187251,-0.2349,0.172521
0.841,0.189452,-0.23464,0.174546
0.842,0.191652,-0.234379,0.17657
0.843,0.193852,-0.234119,0.178595
0.844,0.196221,-0.233732,0.180703
0.845,0.199095,-0.232963,0.183063
0.846,0.201969,-0.232195,0.185423
0.847,0.204843,-0.231426,0.187783
0.848,0.207716,-0.230657,0.190142
0.849,0.21059,-0.229888,0.192502
0.85,0.213464,-0.229119,0.194862
0.851,0.216338,-0.228351,0.197222
0.852,0.219212,-0.227582,0.199582
0.853,0.222086,-0.226813,0.201942
0.854,0.22496,-0.226044,0.204302
0.855,0.227834,-0.225275,0.206662
0.856,0.230708,-0.224507,0.209022
0.857,0.233582,-0.223738,0.211382
0.858,0.236455,-0.222969,0.213742
0.859,0.239329,-0.2222,0.216102
0.86,0.242203,-0.221432,0.218461
0.861,0.245077,-0.220663,0.220821
0.862,0.247951,-0.219894,0.223181
0.863,0.250825,-0.219125,0.225541
0.864,0.253699,-0.218356,0.227901
0.865,0.256573,-0.217588,0.230261
0.866,0.259447,-0.216819,0.232621
0.867,0.262321,-0.21605,0.234981
0.868,0.265194,-0.215281,0.237341
0.869,0.268069,-0.214512,0.239701
0.87,0.270942,-0.213744,0.242061
0.871,0.273816,-0.212975,0.24442
0.872,0.27669,-0.212206,0.24678
0.873,0.279564,-0.211437,0.24914
0.874,0.282438,-0.210668,0.2515
0.875,0.285312,-0.2099,0.25386
0.876,0.289195,-0.208649,0.256522
0.877,0.293078,-0.207399,0.259184
0.878,0.296962,-0.206149,0.261847
0.879,0.300845,-0.204898,0.264509
0.88,0.304729,-0.203648,0.267171
0.881,0.308612,-0.202398,0.269833
0.882,0.312495,-0.201147,0.272496
0.883,0.316379,-0.199897,0.275158
0.884,0.320262,-0.198647,0.27782
0.885,0.324145,-0.197396,0.280482
0.886,0.328029,-0.196146,0.283144
0.887,0.331912,-0.194896,0.285807
0.888,0.335795,-0.193645,0.288469
0.889,0.339679,-0.192395,0.291131
0.89,0.343562,-0.191145,0.293793
0.891,0.347445,-0.189894,0.296455
0.892,0.351329,-0.188644,0.299118
0.893,0.355212,-0.187394,0.30178
0.894,0.359095,-0.186143,0.304442
0.895,0.362979,-0.184893,0.307104
0.896,0.366862,-0.183643,0.309766
0.897,0.370745,-0.182392,0.312429
0.898,0.374629,-0.181142,0.315091
0.899,0.378512,-0.179892,0.317753
0.9,0.382395,-0.178641,0.320415
0.901,0.386279,-0.177391,0.323077
0.902,0.390162,-0.176141,0.32574
0.903,0.394045,-0.17489,0.328402
0.904,0.397929,-0.17364,0.331064
0.905,0.401812,-0.17239,0.333726
0.906,0.405695,-0.171139,0.336388
0.907,0.410564,-0.169598,0.339279
0.908,0.415762,-0.16796,0.342245
0.909,0.420959,-0.166321,0.345211
0.91,0.426157,-0.164683,0.348177
0.911,0.431355,-0.163044,0.351143
0.912,0.436552,-0.161406,0.354109
0.913,0.44175,-0.159767,0.357076
0.914,0.446948,-0.158129,0.360042
0.915,0.452145,-0.15649,0.363008
0.916,0.457343,-0.154852,0.365974
0.917,0.46254,-0.153214,0.36894
0.918,0.467738,-0.151575,0.371906
0.919,0.472936,-0.149937,0.374873
0.92,0.478133,-0.148298,0.377839
0.921,0.483331,-0.14666,0.380805
0.922,0.488529,-0.145022,0.383771
0.923,0.493726,-0.143383,0.386737
0.924,0.498924,-0.141745,0.389703
0.925,0.504121,-0.140106,0.39267
0.926,0.509319,-0.138468,0.395636
0.927,0.514517,-0.136829,0.398602
0.928,0.519714,-0.135191,0.401568
0.929,0.524912,-0.133552,0.404534
0.93,0.53011,-0.131914,0.4075
0.931,0.535307,-0.130276,0.410467
0.932,0.540505,-0.128637,0.413433
0.933,0.545703,-0.126999,0.416399
0.934,0.5509,-0.12536,0.419365
0.935,0.556098,-0.123722,0.422331
0.936,0.561295,-0.122083,0.425297
0.937,0.566493,-0.120445,0.428263
0.938,0.572358,-0.118686,0.431657
0.939,0.578891,-0.116806,0.435477
0.94,0.585425,-0.114927,0.439298
0.941,0.591958,-0.113047,0.443118
0.942,0.598491,-0.111168,0.446939
0.943,0.605024,-0.109288,0.45076
0.944,0.611557,-0.107408,0.45458
0.945,0.61809,-0.105529,0.458401
0.946,0.624623,-0.103649,0.462221
0.947,0.631157,-0.101769,0.466042
0.948,0.63769,-0.0998898,0.469862
0.949,0.644223,-0.0980102,0.473683
0.95,0.650756,-0.0961306,0.477503
0.951,0.657289,-0.094251,0.481324
0.952,0.663822,-0.0923713,0.485144
0.953,0.670356,-0.0904917,0.488965
0.954,0.676889,-0.0886121,0.492785
0.955,0.683422,-0.0867325,0.496606
0.956,0.689955,-0.0848529,0.500426
0.957,0.696488,-0.0829732,0.504247
0.958,0.703021,-0.0810936,0.508067
0.959,0.709554,-0.0792141,0.511888
0.96,0.716087,-0.0773345,0.515708
0.961,0.722621,-0.0754548,0.519529
0.962,0.729154,-0.0735752,0.52335
0.963,0.735687,-0.0716956,0.52717
0.964,0.74222,-0.069816,0.530991
0.965,0.748753,-0.0679364,0.534811
0.966,0.755287,-0.0660567,0.538632
0.967,0.76182,-0.0641771,0.542452
0.968,0.768353,-0.0622975,0.546273
0.969,0.775066,-0.0604007,0.550032
0.97,0.782323,-0.0584522,0.553608
0.971,0.789579,-0.0565038,0.557184
0.972,0.796834,-0.0545554,0.56076
0.973,0.80409,-0.0526071,0.564336
0.974,0.811346,-0.0506587,0.567913
0.975,0.818602,-0.0487102,0.571489
0.976,0.825858,-0.0467618,0.575065
0.977,0.833114,-0.0448134,0.578641
0.978,0.84037,-0.042865,0.582217
0.979,0.847626,-0.0409166,0.585793
0.98,0.854882,-0.0389681,0.589369
0.981,0.862138,-0.0370198,0.592945
0.982,0.869393,-0.0350714,0.596521
0.983,0.876649,-0.033123,0.600097
0.984,0.883906,-0.0311745,0.603673
0.985,0.891161,-0.0292261,0.607249
0.986,0.898417,-0.0272777,0.610825
0.987,0.905673,-0.0253293,0.614402
0.988,0.912929,-0.023381,0.617978
0.989,0.920185,-0.0214325,0.621554
0.99,0.927441,-0.0194841,0.62513
0.991,0.934697,-0.0175357,0.628706
0.992,0.941953,-0.0155873,0.632282
0.993,0.949208,-0.0136389,0.635858
0.994,0.956465,-0.0116904,0.639434
0.995,0.96372,-0.00974203,0.64301
0.996,0.970976,-0.00779365,0.646586
0.997,0.978232,-0.00584527,0.650162
0.998,0.985488,-0.00389677,0.653738
0.999,0.992744,-0.00194838,0.657314
1,1,0,0.660891
